#build_topology.py 100 15 cluster_local 0.01
# GMT Fri Apr 26 02:14:31 2019
# 
0 2 67 66 37 6 42 45 51 74 22 57 58 27 60 10
1 64 65 3 6 39 9 42 13 15 21 56 90 27 28 53
2 32 67 68 72 76 77 81 18 35 20 21 55 89 62
3 96 99 4 38 64 42 75 14 79 48 19 84 68 91
4 80 35 72 73 12 13 47 76 99 84 57 90 93 52
5 32 65 71 94 13 78 16 51 21 87 95 28 93 62 31
6 96 66 67 36 38 7 9 34 20 55 52 93 94
7 96 33 99 68 71 16 82 48 87 24 25 59 62 65
8 64 96 34 38 43 78 15 51 88 57 58 59 90 30 31
9 33 99 69 17 45 28 27 24 18 84 88 91 60
10 96 98 67 73 66 28 15 50 18 54 25 58 60 95
11 19 98 35 38 72 15 17 29 51 87 24 25 27 93
12 96 33 67 70 12 45 40 19 85 90 60 29
13 19 99 71 81 51 84 85 56 89 33 91 30
14 64 98 36 39 72 16 67 56 89 26 91 60 61 95
15 66 43 70 17 40 44 98 99 25 26 31 95
16 86 70 50 48 37 85 22 25 58 29 94 95
17 72 74 44 47 92 24 18 79 88 27 28 63
18 96 67 39 47 80 81 84 22 87 56 88
19 96 51 83 36 79 80 67 66 24 58 26 30
20 37 72 41 42 75 76 77 78 45 23 38 30 31
21 64 38 32 75 45 78 81 25 98 92 37 31
22 34 35 82 29 48 99 52 53 87 90 27 61
23 96 33 66 68 37 73 78 79 46 57 89 58 91 90
24 65 66 67 75 76 98 55 88 28
25 32 98 67 73 44 45 47 57 29
26 97 35 70 33 41 80 50 86 88 58 47 92
27 80 35 71 74 45 48 86 91 92 62
28 32 39 64 42 43 44 45 53 93
29 64 98 35 36 70 38 41 83 59 92
30 32 97 72 45 80 83 55 56 52 93 62
31 66 36 76 43 94 79 50 60 69 63
32 65 34 36 45 53 41 58 47 60
33 82 40 42 39 50 53 93 94 63
34 64 65 97 76 77 80 81 51 52 53 93
35 66 39 73 71 93 80 49 85
36 65 83 72 87 81 85 54 55 56
37 40 74 51 86 87 88 90 59 92 63
38 96 78 77 46 49 84 58 62
39 75 77 48 62 55 46 57 94 63
40 96 64 44 45 50 83 84 85 56 57 59
41 64 70 42 50 78 85 54 58 92 61 62
42 69 70 74 79 48 85 57 61
43 83 99 68 75 44 49 51 84 87 59
44 49 74 76 45 46 48 55 56 61
45 98 70 73
46 97 67 65 72 74 75 79 80 84 87 62
47 65 81 75 78 79 50 83 54 90
48 70 78 49 82 55 90 60
49 97 66 70 77 81 50 88 58 63 95
50 65 69 77 83 52 54
51 65 68 72 79 77 57 59
52 64 98 68 73 81 57 90 91 61
53 67 69 72 71 79 81 86 94 95
54 64 98 71 82 83 86 56 89 90 60
55 73 62 86 56 90 92 63
56 69 70 78 82 93
57 75 80 89 90 63
58 67 96 73 92
59 66 71 74 75 80 72 82 69
60 64 97 77 82 61 95
61 97 99 68 80 81 91 95 63
62 76 66 82 85 86
63 96 67 97 83 84 88
64 98 99
65 68 83 80 78
66 74 84 92
67 92
68 97 76 86 92 93 94
69 96 73 77 78 80 89 91 94
70 97 77 85 95
71 97 82 75 91 85 86 92
72 99 91 75 83
73 99 87 79 88 90
74 75 76 82 84 87 95
75 86 89
76 81 82 85 89 93
77 81 88 83
78 82 89 91
79 84 86 95 93
80 97
81 87 85
82 98 93
83 87 88
84 99 86
85 99 88
86 91 94
87 94 95
88 98 94
89 96 97 91 94 95
90 94
91 96
92 97
93 98
94 95
95
96
97 99
98
99
