#build_topology.py 100 15 global 0.1
# GMT Fri Apr 26 02:14:21 2019
# 
0 98 3 37 17 40 41 66 72 83 53 55 56 90 26
1 32 3 36 5 72 75 43 18 51 52 94 89 61 62 85
2 33 37 9 43 44 12 18 57 25 89 91 29 31
3 34 99 6 41 23 76 80 75 83 87 25 58 59 63
4 96 50 5 70 40 12 42 76 45 44 82 20 86 24 84 90 54 13 63
5 64 37 77 49 82 30 9 91 93 94 31
6 32 68 81 45 78 80 17 83 53 24 91 92 94 95
7 19 37 41 45 78 81 50 21 54 24 91 85
8 19 33 83 68 38 65 96 42 12 17 51 87 61 62
9 42 67 69 71 95 19 31 92 29 30 63
10 97 35 65 73 95 12 93 44 48 99 84 86 47 60 94 31
11 32 51 66 35 36 55 14 19 52 23 56 26 59
12 32 81 47 48 17 50 21 22 72 63 92 30 85
13 67 40 73 79 15 93 16 62 22 95 92 61 30 63
14 66 73 74 47 17 82 51 20 88 58 60 94
15 67 68 70 75 44 78 79 84 21 57 60 61 30 31
16 65 35 69 72 74 43 44 45 80 17 18 87 57 27
17 67 72 41 83 52 46 25 93
18 68 40 42 43 49 50 83 84 54 23 89 87
19 75 77 79 49 51 85 22 90 59
20 96 65 86 70 40 74 66 93 95 22 27 61 63
21 96 43 42 23 48 82 84 87 25 71 59 28 95
22 64 51 67 37 70 72 78 77 80 84 86 24 60 29 95
23 32 70 63 74 76 26 27 60 61 31
24 96 33 36 71 39 44 57 55 28 30 95
25 69 74 44 98 47 80 99 53 56 89 58 61
26 65 43 97 71 76 75 99 62 88 57 60 29 30
27 68 39 72 28 76 56 52 58 60 29 95
28 96 40 31 43 79 80 50 84 57 90 59 60 29 52
29 35 38 75 81 84 53 57 90 47 61
30 97 99 69 48 35 85 55 58 92
31 48 67 68 40 74 76 80 91 94 37
32 34 68 71 78 81 82 53 93
33 96 38 73 44 34 78 47 83 46 55 58 59
34 97 66 99 51 81 50 84 55 56 90 59 61 63
35 96 36 37 70 71 93 40 52 55 89 62 95
36 64 97 66 67 69 44 77 46 82 59 88 75
37 69 55 78 81 50 87 56 49 91 60
38 49 41 45 46 79 72 83 87 57 92
39 64 65 66 99 69 72 74 75 81 52 85 56
40 69 43 76 80 85 53
41 96 66 49 73 74 78 54 89 90
42 66 76 45 47 80 51 52 86 91 60
43 69 70 74 79 53 86 55 93
44 64 97 81 83 49 51 61 95
45 65 98 76 48 84 58 59 92 61
46 70 71 73 76 50 87 57 90 95
47 71 75 82 86 56 89 91 60 62
48 68 70 73 88 87 56
49 66 99 80 98 82 83 85 50 58
50 67 70 72 74 85 88 91 92 93
51 67 71 73 89 61
52 68 91 74 75 85 57 63
53 98 69 77 79
54 97 99 69 65 77 83 85 86 88 59
55 99 68 81 96 78 88 56 89
56 97 79 88 94
57 74 62 90 94
58 64 67 71 83 94 89 90 92 95
59 98 71 75 87
60 73 92 84 86
61 68 71 77
62 65 76 99 85 90
63 64 99 71 98 91 92
64 97 69 76 77 81 92
65 66 79 67 88 91
66 75 84 86 94
67 75 76 89 90 93
68 75 77 93
69 79
70 71 87 89
71 79
72 96 78 89 92 93 94
73 86 87 90 91 74
74 98 76 85 86
75 80 90
76 80 81
77 98 80 92 93 95
78 83 89 95
79 98 82 95
80 86 88
81 97 99 93 84 88
82 97 88 90 94
83 98 91
84 91 98
85 96 88
86 88 90 95
87 88
88 94
89 91
90
91 98
92
93 97
94 99
95 96
96 99
97
98
99
