#build_topology.py 101 8 cluster local .1
# GMT Fri Apr 12 02:30:31 2019
# 
0 68 37 11 48 17 54 89 61 95
1 38 70 72 13 81 86 26 61 94
2 96 71 50 22 57 25 27 31
3 32 59 73 75 99 54 24 91
4 73 74 81 52 53 55 21 31
5 69 77 79 48 84 95 28 31
6 64 68 39 78 79 57 91 94
7 37 10 11 16 17 18 84 63
8 68 38 10 12 15 90 63 31
9 66 37 9 75 12 29 81 61
10 11 38 74 71 51 58
11 96 34 39 12 14
12 69 76 45 80 26
13 100 38 33 18 78 50 57
14 71 44 45 17 82 24 62
15 17 75 49 51 85 54 29
16 71 44 77 45 19 54 60
17 69 41 80 24 63
18 35 47 18 83 86 23 24
19 97 66 67 72 83 57 26
20 65 35 100 39 74 77 58 62
21 98 72 75 85 86 59 21
22 33 35 36 42 82 90 30 31
23 32 98 39 53 55 56 63
24 64 36 75 28
25 96 42 85 91 92 29 31
26 34 53 57 60 94
27 72 74 82 83 55 94 31
28 64 35 68 28 55 92 95
29 97 88 63 94 95
30 33 49 76 46 81 53 88 89 63
31 90
32 64 37 74 88 58 62
33 35 78 52 55 88 95
34 70 38 73 51 54 92
35 96 66 40 46 61
36 96 100 39 50 51 60 93
37 64 70 74 41 93
38 64 100 71
39 74 45 58 62
40 96 65 97 41 76 47 84
41 60 45 90
42 68 74 85 42
43 100 47 50 83 57 55 89 60
44 68 69 72 92
45 46 86
46 49
47 72 92 79 51
48 99 53 55
49 73 79 80 83 93
50 67 72 87 90
51 99 91 58
52 65 79 53 87 94
53 97 55 86
54 70 66 56
55 86
56 67 100 76 79 82 89
57 88 60 90
58 89 59 62
59 65 69 79 92 93
60 84 89
61 66 76 87 92
62 98 78 82
63 87 77
64 99 78
65 97 67 90 94
66 100 92
67 97 100 85 68
68 98 70
69 99 80 83
70 71 78 87
71 75 93
72 77 78 93
73 79 83 84 93
74 78
75 81 92
76 96 99 92
77 87
78
79 87
80 98 99 87
81 84 85 91
82 89
83 91
84 85 95
85 97 98
86 98 99
87
88 93
89 91
90
91 95
92
93
94
95
96
97
98
99
100
