#build_topology.py 100 15 local 0.05
# GMT Fri Apr 26 02:13:42 2019
# 
0 1 66 11 4 42 75 76 46 93 16 3 52 53 22 20 29 94
1 3 4 22 39 40 41 74 50 35 52 86 88 36 95
2 41 99 36 69 73 74 75 12 14 3 84 53 23 28 42
3 67 6 73 42 78 80 50 20 26 10
4 6 30 43 47 48 81 51 54 23 59 93 85 95
5 48 34 71 41 10 43 76 14 15 16 73 7 92 61 69
6 64 51 34 12 47 17 67 52 24 90 27 93 30
7 19 99 69 38 55 76 45 24 83 87 56 26 59 29 62 31
8 34 59 70 39 9 11 13 15 43 85 41 24 57 91 30
9 34 70 11 76 45 78 93 50 53 86 25 26 29
10 35 70 14 48 88 51 85 24 58 59 28 61 69
11 97 59 64 75 13 15 85 55 57 90 91 60
12 33 68 98 72 42 34 78 82 19 84 55 38 30
13 32 33 83 35 38 41 45 64 16 99 21 87 88 61
14 97 99 36 70 39 72 14 15 22 56 28 63
15 97 65 40 44 47 48 20 85 27 60 94 63
16 65 66 99 41 34 54 73 24 25 71 94
17 80 66 38 43 44 78 48 50 85 89 25 95 53 21
18 68 86 72 42 44 46 47 82 52 85 22 88 25 90 62
19 66 67 22 44 77 99 53 86 24 89 58 91 61
20 36 37 70 72 60 20 21 56 25 92 61 62
21 34 67 42 87 51 83 54 55 24 25 62 63
22 33 98 32 67 82 83 86 56 57 95
23 96 97 70 40 73 45 80 49 72 25 58 59 29
24 33 34 40 77 72 82 84 88 60
25 75 36 43 76 45 86 60 61
26 96 64 36 43 45 75 41 91 42 94 63
27 96 32 38 39 80 75 48 81 83 53 89 91 94
28 67 66 70 39 40 43 77 80 35 87 36 93 63
29 65 70 73 44 45 46 56 58 92 30 31
30 35 39 40 49 83 30 56 57 58 62 95
31 34 38 41 87 77 80 67 86 55 88 39 93
32 65 37 72 54 46 99 40 86 87 88 59 69 95
33 54 81 71 40 41 75 80 88 51 56 94
34 68 39 75 79 84 71 59
35 69 38 40 81 86 88 89 90 93
36 64 67 69 83 44 66 99 92
37 65 98 99 68 70 47 48 67 53 55 56 95
38 65 98 69 72 74 79 91 54
39 45 66 47 50 51 46
40 69 64 42 43 56 83
41 70 74 46 47 79 94
42 65 86 75 76 80 49 54 89
43 96 65 98 99 81 87 54
44 69 81 71 77 82 51 85 54 58 53
45 68 82 71 74 50 51 86 91 92
46 66 69 70 73 77 79 48 81 53 91
47 98 99 74 77 78 81 79 61
48 97 78 69 58 74 94 63
49 97 65 87 78 52 53 89 59 60 61
50 96 65 93 80 84 55 57 90 61
51 73 74 52 56 89 91 62
52 68 65 96 77 79 97 87 58 59
53 64 78 92 95
54 68 69 78 80 83 87
55 65 68 73 97 80 91 60
56 70 76 78 85 57
57 71 95 82 89 58 59 61 94 63
58 65 67 97 72 89 88
59 64 98 77 78 95
60 97 71 74 80 84 89 79 92 95
61 66 76 77 79 94 63
62 66 67 68 72 94 88 90 63 95
63 72 92 79 82 84
64 76 78 93 81 82 90
65 90 68
66 67 99 76 79 94
67 86 88 85
68 76 77 85 88 91
69 71
70 83 89 94
71 96 76 75 81 90 93
72 79 83 86
73 97 81 82 78 92 94
74 96 76 84 89 92
75 97 78 84 89
76 83 84
77 91 93 82 86
78 84
79 96 80 89 90
80 92
81 87 90
82 91 83 95
83 98 92
84 98 85 90
85 96 86
86 91
87 98 93
88 98
89 97
90 94 92 95
91
92 97
93 96 97 98
94 96
95 98
96 97 98
97
98
99
