#build_topology.py 500 30 global 0.05
# GMT Fri Apr 26 03:04:20 2019
# 
0 305 387 398 279 280 155 412 417 433 428 175 177 438 57 443 447 65 328 461 343 345 479 98 357 380 107 493 110 374 72
1 448 321 140 271 280 408 164 425 300 46 50 436 54 186 320 352 324 201 458 476 335 80 337 341 342 347 92 480 481 354 380 124
2 129 386 273 275 277 29 287 162 421 422 433 303 176 200 307 189 448 450 455 328 73 459 460 333 87 228 485 488 238 243 376 126
3 256 258 6 393 138 397 143 284 416 422 170 174 9 440 57 190 453 198 457 331 204 85 473 218 348 350 294 370 117 374 125
4 256 259 470 9 394 13 404 21 111 427 416 292 199 47 441 315 61 191 451 324 198 97 466 214 96 225 104 367 113 118 20
5 384 137 12 270 273 149 406 473 282 411 32 171 300 305 178 51 288 67 455 457 160 98 336 211 86 89 474 223 481 482 110 246
6 130 136 9 11 397 156 417 37 166 39 303 312 188 195 452 289 331 207 79 220 478 352 481 227 104 369 114 246 377 251
7 384 263 393 402 150 26 159 38 296 41 48 73 189 66 197 328 457 202 210 212 218 352 483 101 232 105 496 113 117 122
8 386 392 13 287 32 420 421 38 40 301 183 186 316 446 196 329 439 76 207 467 84 293 225 100 232 236 237 117 253
9 142 15 144 27 156 414 240 34 419 164 421 422 295 55 312 58 191 195 201 331 334 217 482 368
10 130 388 391 139 396 269 45 145 275 276 174 408 25 173 430 433 57 450 11 456 140 331 332 470 475 220 481 484 485 106 250 200
11 263 268 17 405 152 155 38 297 42 175 304 479 188 446 449 452 454 459 463 476 349 357 226 100 229 358 365
12 395 301 278 160 173 303 437 184 59 458 360 450 69 15 202 82 467 84 220 223 102 490 368 113 118 376
13 131 133 142 399 144 159 34 36 167 296 52 438 446 449 324 204 207 82 83 469 474 477 224 227 104 233 168 379 381
14 128 133 391 396 145 405 22 279 282 32 425 456 307 438 55 314 328 457 334 209 213 215 94 96 97 227 487 359 495 112 248 381
15 131 262 263 482 147 150 25 417 429 177 55 443 447 461 211 340 473 475 477 226 487 247 250 379 254
16 387 136 396 145 19 407 26 34 291 292 424 428 429 46 433 434 179 55 188 189 320 333 467 476 480 230 296 378 127
17 135 266 153 417 164 428 432 49 178 439 449 196 325 326 289 467 214 215 420 474 221 479 488 489 495 369 242 118
18 130 259 136 138 140 401 405 408 157 34 42 45 433 181 55 314 394 193 66 195 70 183 205 339 477 459 96 103 232 361 364 238 370
19 387 388 133 136 267 269 270 399 276 281 282 414 415 421 304 185 58 188 448 450 324 73 205 466 400 367 241 249
20 256 385 133 390 269 277 22 153 410 415 35 293 297 170 171 54 316 446 449 451 328 96 101 444 365 115 252 42
21 386 393 266 273 407 413 286 312 38 431 307 308 440 444 69 455 72 461 81 339 469 215 226 100 485 239 242 116 377 213
22 266 140 272 157 177 170 45 413 305 94 307 436 53 189 318 319 459 333 208 84 215 484 105 376 121 63 125
23 129 258 267 268 142 271 401 26 157 184 372 315 60 189 203 452 459 333 79 81 91 476 102 232 369 116 373 250 123
24 134 397 400 280 402 152 159 166 39 43 304 313 442 61 326 330 336 210 83 86 224 208 226 103 491 108 493 242 248 253
25 450 277 406 410 164 70 422 169 48 50 438 442 187 190 194 454 202 206 208 344 347 220 101 487 488 109 238 499
26 129 386 144 145 407 418 293 39 46 435 310 442 445 192 325 217 220 355 356 485 236 367 243 375 380 381 345
27 260 400 154 284 30 415 290 424 43 300 302 179 286 265 323 200 77 206 472 474 91 223 354 487 489 490 113 125
28 88 281 153 155 413 420 294 42 43 301 115 59 197 202 333 207 209 468 470 216 222 223 225 379 166 337 360 110 243 38
29 390 258 277 282 289 420 169 206 264 306 435 54 439 320 405 338 84 469 292 220 224 356 358 359 488 489 118 254 213
30 262 394 399 272 403 345 413 286 287 418 390 167 170 431 305 53 445 62 193 326 73 468 216 473 349 103 234 237 112 121
31 389 141 402 188 280 414 34 419 434 174 303 177 50 307 312 60 189 448 68 327 204 206 79 466 89 350 105 233
32 387 391 266 173 259 150 282 288 163 298 427 429 174 53 316 65 194 451 460 84 87 472 90 349 226 229 490 244 122
33 261 265 399 149 278 408 329 422 424 50 309 59 62 73 183 206 343 344 345 221 351 489 110 111 497 247 121 252
34 387 65 343 270 131 152 292 38 171 45 50 439 312 316 449 67 196 200 212 471 166 102 235 402 495 306 383
35 256 131 262 143 156 177 172 174 175 49 434 443 193 325 460 78 209 211 215 91 350 102 231 493 112 373 123 380 381
36 129 131 398 473 286 160 198 424 184 314 315 288 197 70 72 332 339 204 333 206 397 227 89 99 233 496 371 374 124
37 128 390 265 144 473 286 420 298 302 108 449 323 453 326 327 200 457 469 342 89 475 476 93 352 227 292 361 236 375 376 378
38 256 493 160 164 47 392 442 322 68 72 73 459 76 211 347 108 109 238 495 369 378 123 124 126
39 141 292 168 43 301 176 49 311 186 445 321 73 463 80 337 211 86 164 107 109 238 189 377 125
40 257 130 260 385 266 343 155 368 425 171 173 431 179 62 67 68 75 76 446 347 476 226 484 365 494 111 496 115 117 251 381
41 129 259 133 266 275 276 280 155 412 285 415 434 179 313 314 443 316 449 454 204 335 339 221 350 226 358 106 243 247 148
42 260 261 409 285 287 419 300 179 436 310 316 64 193 323 75 79 89 477 478 485 489 106 244 245
43 266 144 67 149 406 279 412 191 448 323 326 465 82 467 85 343 88 92 349 222 487 106 167 493 114 115 373
44 494 151 155 414 287 376 292 295 167 175 48 313 314 444 193 199 72 330 334 337 88 232 105 107 110 117 375 248 249
45 388 140 148 279 282 416 301 302 438 58 447 195 453 201 74 335 339 86 87 92 97 359 402 243 244 245 252 253
46 130 387 391 141 404 153 280 409 418 291 165 425 427 300 176 433 440 443 317 195 68 331 332 208 343 91 476 356 364
47 387 134 268 275 277 284 413 415 420 294 172 302 181 314 449 451 82 341 87 344 89 186 354 228 103 111 125
48 133 134 137 396 141 162 168 427 308 309 180 60 319 67 207 83 84 223 352 97 354 483 486 103 361 369 119
49 391 395 402 155 412 160 418 294 167 439 321 456 74 331 339 86 343 221 485 486 360 242 372 254
50 256 400 283 414 219 432 179 309 440 317 190 195 333 80 89 346 347 272 357 107 496 113 250 382
51 385 258 387 135 268 404 152 157 261 290 419 413 179 439 184 320 69 140 330 76 463 469 86 93 486 232 244 250 126
52 256 107 260 390 145 274 284 288 427 429 302 178 331 196 199 456 459 208 81 84 213 344 476 223 485 235 119 212 123 252
53 138 271 400 410 157 160 71 432 158 438 183 57 416 70 455 73 335 81 342 347 358 486 209 240 498 247
54 262 268 144 412 289 420 134 241 168 428 429 186 325 454 74 79 464 85 88 89 218 96 227 101 492 111 113 251
55 394 398 276 159 297 302 57 62 447 64 449 457 332 477 224 107 495 368 113 498 446 249 380 255
56 262 344 277 150 160 134 433 307 312 187 446 67 118 326 76 79 212 214 343 472 474 475 165 486 107 109 113 372 246 378 254
57 260 271 154 283 418 454 440 317 448 198 457 76 462 207 208 465 345 221 351 355 362 125 123 381
58 388 394 270 144 282 161 347 424 297 299 307 179 181 184 364 62 333 467 90 219 353 227 107 236 496 382 383
59 130 388 147 152 155 166 426 173 305 186 188 317 192 450 75 210 467 346 221 101 359 362 235 466 239 117
60 258 265 395 411 412 413 432 168 476 170 301 303 308 442 224 199 202 203 90 348 352 356 229 102 112 370 378 380
61 144 280 277 150 413 159 418 291 429 432 305 438 439 185 193 322 67 324 462 81 84 87 353 482 486 233 108 245
62 128 129 386 299 389 392 402 151 409 133 291 434 201 446 321 327 457 334 335 470 472 442 480 357 230
63 256 131 388 394 398 143 402 412 286 290 163 295 170 171 429 69 205 335 466 341 343 216 369 247 378 255 383
64 267 143 413 426 285 437 184 444 456 202 332 466 83 93 478 225 482 231 104 489 364 82 367 496 241 371 125 382
65 384 386 134 268 277 285 414 433 187 444 190 320 196 453 70 456 201 330 332 207 81 90 94 481 484 358 234 492 110 372
66 384 258 266 343 403 148 152 410 164 298 172 303 180 183 188 447 68 197 74 461 87 344 292 356 316 235 498 124 253
67 385 171 391 138 158 291 263 173 182 190 192 74 208 340 92 477 480 227 231 115 373 247 248 123 253 127
68 386 263 140 401 404 153 288 423 168 299 177 183 449 424 74 369 433 339 213 345 348 478 235 371 375
69 274 290 165 168 301 176 438 315 196 325 327 77 207 463 80 86 218 475 92 221 336 99 228 497 245
70 263 269 270 147 154 285 288 391 183 442 328 204 461 466 87 345 351 486 102 362 107 146 111 374 119 251 253
71 128 392 394 146 162 421 166 423 171 432 434 312 442 443 457 336 468 471 99 484 104 243 244 246 119 122 379 252 253
72 129 235 137 395 294 307 182 186 324 209 466 213 471 473 348 478 95 481 483 103 363 492 241 247 85
73 448 398 153 284 430 311 445 190 451 196 328 211 85 219 220 480 355 101 111 115
74 192 270 272 409 197 293 296 426 427 174 435 187 446 448 325 330 337 83 212 90 227 231 116 374 376 121
75 272 408 274 407 155 291 166 370 309 189 318 192 321 322 325 329 337 473 346 487 359 114 499 373 125 127
76 264 397 402 404 152 286 159 347 426 327 177 307 316 325 199 334 453 341 471 218 219 485 103 235 498
77 134 141 399 148 406 407 153 325 475 424 309 315 194 201 330 205 333 82 342 218 91 98 104 491 243 372 247 281
78 213 388 261 137 142 399 404 295 296 309 351 444 318 191 321 323 79 212 341 472 101 485 372 380 381 85 127
79 192 138 289 423 169 173 175 432 178 182 314 443 320 449 326 456 84 94 95 355 107 495 240 246
80 492 397 143 272 401 274 282 284 414 288 244 444 455 457 204 333 81 338 92 349 351 225 483 236 402 115 116 374 251
81 129 179 135 393 395 146 414 420 422 427 435 200 340 470 220 235 445 112 241 372 245 247
82 128 387 392 141 283 368 419 295 424 427 182 113 333 205 341 480 483 361 106 366 496 296 254
83 385 134 139 396 400 404 151 367 156 287 424 178 179 211 220 95 96 482 483 356 239 245 148
84 264 301 144 148 286 298 173 174 183 308 225 328 204 208 212 349 97 354 228 357 114 249
85 129 258 142 143 405 160 161 296 308 311 447 374 458 86 347 222 97 101 107 494 495 118 252 125
86 131 389 393 138 267 140 397 270 404 410 304 179 444 464 222 353 489 167 497 243 118
87 132 262 396 269 145 280 260 286 419 302 305 180 444 459 141 464 466 470 152 224 225 103 492 380
88 492 269 146 153 164 427 303 236 312 185 315 319 321 202 459 212 470 474 443 231 232 489 364 497
89 265 269 277 151 409 154 419 296 302 319 451 453 328 206 342 471 346 348 364 174 249 191 126
90 259 137 405 281 153 282 112 290 291 298 427 180 393 450 198 330 338 469 96 357 234 368 369 499 374
91 134 269 398 149 412 415 161 422 427 172 316 445 450 455 458 464 337 291 229 231 444 487 496 243 120 122 123
92 449 486 397 149 412 414 162 179 185 446 448 193 327 473 228 98 99 100 357 230 238 112 117 119 252
93 133 262 138 399 276 179 389 294 174 431 181 311 415 198 460 333 463 213 342 477 99 422 103 491 221 121 380 383
94 384 389 392 138 268 271 400 420 421 294 304 439 196 456 202 463 466 216 217 165 234 375 121 123
95 390 138 275 413 293 424 427 301 183 441 186 317 262 325 202 204 472 233 350 421 356 105 490 115 116 361 248 254
96 130 390 394 281 292 421 305 436 187 321 323 198 327 328 461 206 335 472 463 480 229 361 248 122 253
97 256 395 276 110 150 166 304 183 184 445 447 194 311 338 339 472 345 346 349 222 353 487 210 494 374
98 396 141 145 269 281 156 166 423 284 298 173 175 304 306 179 438 351 202 397 207 478 479 224 105 114 252
99 385 388 146 157 437 188 190 191 181 203 420 350 225 226 358 232 252 494 375 120 380
100 135 138 409 282 161 290 241 311 312 186 189 451 462 214 349 479 224 233 491 494 111 497 243
101 256 388 136 269 143 151 284 286 288 301 439 318 324 326 330 203 209 212 351 358
102 384 136 307 269 494 410 158 171 429 430 303 179 308 181 438 311 187 327 462 238 240 241 244 376 377 252
103 129 261 154 175 166 177 300 305 180 185 444 189 441 322 201 463 336 213 477 351 251 383
104 132 265 406 409 283 418 164 170 458 452 202 397 210 478 226 227 485 109 115 372 298
105 129 263 300 400 147 404 162 293 433 174 177 182 192 202 206 217 348 349 234 368 499 123 124
106 128 132 389 139 404 162 163 296 176 178 446 451 418 208 465 480 357 489 234 494 495 241 498 499 373 247 379 254
107 388 144 416 418 427 431 193 195 198 457 334 335 210 467 340 480 236 211
108 384 128 386 390 395 130 149 409 410 162 296 425 428 318 320 321 326 327 473 223 481 354 240 370 119 125
109 385 391 264 405 175 479 319 320 338 213 293 482 483 229 231 362 235 114 499
110 396 269 404 151 413 293 426 302 432 442 316 189 447 334 337 217 346 353 229 230 365 113 499 120 170
111 257 393 394 267 405 278 260 284 304 433 306 185 193 450 459 216 345 218 351 480 483 366 367
112 385 387 132 389 141 407 285 162 299 302 305 286 184 441 318 323 204 463 219 252 234 200
113 136 400 238 425 305 180 187 191 246 454 439 334 184 214 473 479 374 119 249 123
114 192 130 388 136 265 140 269 406 279 153 412 293 424 302 176 448 321 459 208 210 222 367 247 121 382
115 390 394 407 274 278 279 153 418 476 435 182 316 319 456 203 212 348 481 354 486 240 250 126
116 257 140 152 282 156 158 498 430 304 308 414 438 309 197 465 212 213 349 223 231 360 368 242 383
117 256 386 395 272 401 278 411 283 166 170 263 434 322 340 214 347 352 229 239 375 248 377 251 254 127
118 386 265 268 269 274 411 162 299 433 306 441 320 193 194 290 334 464 478 488 236 367 248 469
119 258 406 399 146 147 149 278 389 434 309 191 320 360 457 461 478 231 232 236 237 238 371 249
120 258 131 261 264 267 397 145 148 156 159 420 301 445 191 202 460 333 205 470 218 224 226 360 234 494 241 499 247 378
121 491 263 137 139 400 276 430 408 156 418 165 295 302 317 453 200 339 341 357 235 495 240 467
122 142 429 144 274 276 408 283 412 158 291 169 301 181 439 442 445 340 342 472 351 484 229 373 374 247 376 379
123 282 413 287 171 434 478 182 320 216 348 349 351 224 493 373 247 254
124 139 400 149 196 412 420 422 300 177 183 312 452 199 201 338 216 222 351 352 230 373 246 251 381
125 134 138 397 401 410 293 299 429 177 435 441 317 201 332 207 336 218 220 367 241
126 179 143 273 146 159 421 371 309 313 442 443 446 447 195 324 339 212 341 347 225 294 490 492 240 241
127 256 388 389 134 257 137 273 402 162 429 175 310 184 188 245 482 355 484 357 234 239 371
128 385 134 395 401 275 411 289 290 155 220 455 440 331 345 348 230 244 251
129 387 133 394 141 150 452 411 412 285 300 193 324 472 238 242 499 252
130 256 257 136 269 403 160 420 306 434 307 181 310 440 320 459 212 187 360 361 365 497 378 252
131 259 392 139 283 415 424 136 306 311 315 447 192 195 337 472 218 479 353 227 497 244 383
132 389 366 412 291 165 169 180 309 311 313 190 321 195 453 454 332 459 460 206 207 466 213 479 489 494 382
133 137 395 150 283 290 309 265 184 313 446 196 454 461 333 465 210 441 480 353 483 484 209 494 255
134 136 274 151 155 156 419 169 426 299 200 332 464 465 471 350 480 373 425 255 298
135 261 262 271 405 282 287 164 390 167 438 313 445 194 198 329 460 484 463 468 356 218 478 479 482 230 491 369 376
136 271 412 421 306 181 192 323 325 458 335 341 399 486 361 234 237 147 383
137 265 271 284 293 294 424 428 433 187 445 204 332 462 468 350 421 481 355 488 363 242 373 247 251
138 267 140 157 158 299 300 301 430 177 186 192 228 209 338 216 217 191 371
139 257 396 174 154 156 287 294 168 428 430 179 184 191 331 209 210 347 348 351 484 491 255
140 268 404 452 297 431 313 266 315 189 396 330 335 341 342 218 207 349 224 234 373 374
141 394 269 400 277 412 413 294 285 415 314 443 189 201 209 474 480 228 488 366 497 374 376
142 213 401 148 415 288 162 169 300 432 178 310 184 449 453 327 461 462 343 228 145 495 372 382
143 150 411 159 175 439 195 328 458 311 207 338 215 347 483 228 359 489 366 496 497
144 384 412 282 429 433 437 439 318 309 449 462 339 225 494 375 248
145 386 411 419 164 177 189 325 459 338 467 220 483 466 366 241 243 248 249 382 469
146 261 390 263 266 401 274 430 160 417 302 435 439 452 336 215 355 490 494 499 246 377
147 388 398 408 281 286 326 423 169 171 182 445 195 324 330 333 206 227 341 399 480 353 315 492 251
148 388 262 401 152 426 171 430 304 433 435 436 313 443 450 456 216 475 348 356 485 490 497 379 383
149 260 449 267 156 414 415 423 220 438 187 193 327 207 297 467 469 343 221 224 365 238 368 369
150 386 260 493 282 157 158 293 295 168 432 479 449 194 184 472 361 228 233 237 375 250
151 388 389 266 277 409 161 168 199 302 193 322 324 417 330 204 210 343 216 475 348 349 355 356 497
152 261 393 267 269 281 409 411 156 416 292 310 193 326 208 339 475 233 373
153 391 425 428 175 181 315 322 197 205 338 339 473 477 483 358 490 246 376
154 268 499 274 403 414 159 426 316 317 190 192 194 324 471 456 329 203 340 185 229 368 371 380 383
155 272 416 297 429 302 180 311 313 186 448 460 208 337 342 471 227 231 233 370 381
156 284 286 294 170 430 303 435 316 267 201 339 479 227 486 358 490 253 252
157 406 262 385 394 398 400 276 279 412 286 161 170 437 326 457 460 270 481 226 229 489 235
158 397 270 282 415 290 170 174 433 434 180 442 321 327 211 226 484 485 232 362 363 377 234 426
159 343 280 407 419 429 179 312 185 446 377 200 466 313 216 220 401 368 498 249
160 399 417 173 306 443 317 447 196 329 469 343 475 485 483 356 422 486 235 229
161 257 263 267 406 414 289 167 297 299 174 310 452 334 467 228 351 354 355 358 233 373 376 378 380 254
162 388 393 165 168 169 434 306 309 316 445 321 323 209 469 345 482 356 243 372
163 389 264 265 395 271 275 277 409 415 165 170 299 430 437 462 334 217 485 229 492 237 242 499 372 373 319
164 256 257 258 276 174 430 431 308 393 447 451 328 201 465 345 352 255 405
165 402 260 367 414 288 169 298 171 441 315 445 192 457 458 203 337 468 313 227 228 366 239 374
166 235 403 415 296 172 301 430 442 191 320 194 324 329 231 493 497 498 499 246 382
167 384 257 427 266 403 277 279 178 182 447 452 310 206 340 216 350 362 236 241 249 250 319
168 385 397 285 416 426 178 199 201 335 464 210 213 476 227 356 231 466 377
169 399 401 294 172 303 181 437 320 194 460 418 335 215 219 349 350 366 497 413
170 261 427 281 299 441 446 448 330 459 463 215 226 486 364 370 371
171 257 265 270 405 437 453 204 467 214 217 488 490 240 232 252 362
172 258 263 264 394 275 408 287 293 295 199 174 305 447 455 201 340 215 349 480 231 369 373
173 192 388 257 396 496 295 177 180 448 461 464 342 208 356 362 423 497 379 252 253
174 385 260 259 452 453 299 432 440 451 196 325 334 338 223 491 492
175 258 391 275 276 421 296 191 322 462 211 468 219 220 224 357 239 375 248 379 383
176 389 391 392 276 473 283 437 182 443 199 200 201 467 217 349 224 354 251 438 232 237 245 379 253
177 393 452 423 296 298 307 309 328 332 202 335 341 214 473 224 487 493 238 497 254
178 384 256 387 494 298 302 431 311 321 328 468 346 475 220 354 486 232 366 497 379
179 269 401 494 280 409 432 296 304 308 188 198 208 366 368
180 394 450 272 277 280 424 426 431 440 195 198 337 338 216 348 482 492 210 498 499
181 303 309 445 450 326 462 336 468 346 483 485 487 369 371 374 297 212 381
182 264 394 406 410 293 297 185 448 453 455 466 341 471 473 222 225 488 365 377 382
183 389 269 398 413 420 298 441 319 329 205 466 218 355 230 358 487 380 490 378 255
184 415 417 430 312 446 193 453 327 203 468 217 226 357 499
185 256 261 263 264 271 407 413 427 302 305 308 437 310 197 198 329 215 350 482 228 378 254 255
186 394 410 287 291 293 426 301 307 308 328 329 337 467 499 372 382
187 269 270 272 280 497 421 431 435 311 322 451 331 211 469 343 224 242 371 341
188 270 403 432 312 325 203 332 208 338 339 341 360 493 367 497 498 254 247 381 382
189 257 260 266 301 304 436 310 311 314 337 341 478 352 358 491 497 371
190 267 408 280 388 415 417 423 220 303 438 457 441 325 454 205 463 214 216 348 350 354 245
191 387 388 412 416 192 194 395 455 460 338 343 472 480 481 360 492
192 386 274 406 286 290 241 308 438 448 205 209 352 359 238 240 498
193 300 259 410 289 430 315 447 458 226 358 496 249 251 383
194 473 259 406 264 393 399 275 281 263 317 353 345 474 354 379 364 481 251
195 272 411 288 290 296 430 431 307 314 472 479 484 231 489 387 499 374 255
196 267 276 280 281 410 310 198 418 213 346 221 358 230 361 368 373 246 248
197 256 387 393 270 278 279 422 304 306 307 436 244 481 457 210 213 214 343 220 221 353 227 238 250 383
198 491 398 400 300 430 440 321 451 206 349 228 359 241 245 247 379 254
199 259 270 283 284 285 287 425 317 338 340 342 359 362 236 493 495 498 247 376 251
200 257 258 389 413 290 291 477 437 342 344 474 349 478 354 360 490 367 241
201 256 390 285 416 337 468 471 344 224 354 361 363 492 489
202 395 271 278 285 289 299 307 437 451 328 477 353 488 363 240 241 245
203 399 387 299 431 432 433 442 374 459 482 483 357 231 233 365 497 244 246 255
204 258 261 410 412 416 290 422 331 269 213 292 220 222 233 235 381
205 258 387 263 493 273 276 405 410 283 426 461 208 465 213 399 491 274 499 380
206 259 392 265 399 400 401 404 278 217 428 447 452 460 463 464 483 365 243 249
207 387 235 281 288 290 293 432 307 441 450 465 469 481 363 237 366 383
208 384 259 307 242 273 431 319 459 227 233 376 380
209 264 400 279 410 308 313 442 443 266 342 215 344 314 483 360 364 495 250
210 388 394 397 271 284 455 302 431 433 442 449 327 465 486 496 249
211 259 366 279 455 430 310 314 316 320 322 327 458 331 465 346 355 357 488 496 370
212 395 400 409 263 429 323 325 464 341 217 347 478 486 340 234 248 377 254
213 237 274 289 419 292 321 464 215 228 360 235 496 497
214 399 279 408 414 416 241 431 317 320 449 453 457 464 465 480 233 491 245
215 260 262 263 288 390 398 439 332 465 237 218 229 231 364 493 241 370 376
216 262 415 420 294 299 434 444 325 356 345 479 352 228 357 366 498 377 382
217 390 284 301 303 437 438 443 448 353 336 465 334 347 220 222 481 229 240 242
218 394 405 284 298 442 446 451 329 336 467 477 351 360 496 250 277
219 385 398 282 293 295 434 308 311 316 451 324 327 331 344 473 348 485 494 375 377 378
220 424 428 438 315 444 334 346 226 490 252
221 256 257 264 402 288 311 314 319 453 463 464 470 273 233 236 372 382 405
222 262 263 403 276 405 286 313 317 456 458 336 465 479 481 483 359 369 242 378
223 386 277 265 399 272 415 293 430 443 319 448 455 457 481 485 366 370 383
224 278 415 419 311 441 336 469 472 491 493 373 246 378
225 265 267 282 284 292 298 438 450 323 331 332 335 297 482 232 234 247
226 397 407 283 287 298 242 305 434 319 334 269 228 491 239 498 374 247 255 383
227 265 409 412 299 316 480 331 462 467 344 352 239 382
228 262 265 274 494 287 348 426 393 448 450 323 238 241 370 405
229 263 407 409 417 420 308 314 373 320 356 358 366 239 368 250 382
230 384 389 264 267 281 313 449 395 462 468 473 474 476 350 482 489 240 247 380 253 254
231 259 493 274 285 295 444 318 342 476 294 246
232 388 266 411 289 290 425 432 438 313 444 331 332 339 343 352 357 237
233 406 407 291 470 455 435 313 318 454 327 465 475 476 356 362 494
234 259 274 276 405 408 293 425 330 445 450 353 362 245 253
235 391 403 291 430 310 320 480 331 335 352 355 497 498 499 375
236 272 419 304 440 287 447 449 458 468 475 485 250 379 380 383
237 278 401 403 418 296 298 305 437 312 313 317 332 464 471 347 357 363 492 245 380
238 281 280 296 308 317 322 454 337 484 346 479 489 365 379 255
239 260 267 400 422 423 425 310 316 445 329 338 468 344 347 349 481 251 381 277
240 429 274 276 279 461 416 303 304 312 450 329 332 333 335 474 351 362
241 262 268 409 444 326 484 479 354 485 366 381 497
242 384 259 271 407 284 448 457 459 461 487 489 362 367 498 243 382
243 262 393 396 280 409 291 323 339 342 494 467 244 381
244 266 404 406 407 283 286 292 305 333 336 479 352 488 363 370 253
245 264 396 285 424 425 338 320 322 455 329 463 466 473 354 369 371 381
246 260 394 395 399 273 404 418 419 318 323 464 469 475 488 253
247 390 279 426 433 436 463 365 374 375
248 428 412 420 434 310 316 445 318 456 461 342 471 380 253 382 383
249 391 294 427 303 432 307 436 314 445 327 457 473 474 489 368 370 379
250 278 271 401 275 283 287 419 425 439 312 313 320 456 469 359 361 423
251 384 259 388 266 465 405 409 455 337 342 491 371 255
252 392 267 435 282 307 448 451 454 456 334 483 489 364 341
253 387 397 290 419 420 299 433 437 316 462 335 338 355 255
254 393 273 276 277 288 421 479 325 455 331 334 354 361 498 383
255 384 395 278 280 430 478 450 466 350 379 357 367 496
256 396 401 414 298 309 291 471 484 319
257 406 418 421 295 395 459 332 333 462 465 476 358 368 498
258 262 393 266 436 309 442 320 468 473 475 477 494 285 340
259 393 281 420 294 424 435 448 353 484 496 375 377
260 387 389 390 392 393 395 270 271 280 289 337 366 497 498
261 435 406 283 415 422 302 439 451 455 328 331 342 294 358 359 360 493
262 408 411 412 417 294 425 436 461 339 474 478 482 375
263 387 265 278 416 423 325 457 476 351 484
264 390 394 267 396 407 410 292 426 312 323 454 420 478 480 359 382
265 299 279 412 297 431 432 434 318 452 458 467 350
266 448 421 303 313 319 320 326 463 340 345 353 486 361
267 448 433 306 440 443 444 450 451 325 456 333 465 340 350 485 499 374
268 390 403 283 412 414 289 418 420 296 312 438 330 459 468 343 357 358 361 362 493
269 396 420 374 330 468 483 487 366
270 491 428 311 316 318 450 459 357 363 365 367 380
271 385 389 280 424 428 304 306 435 319 324 459 464 419 472 354 485
272 364 398 278 283 299 414 310 314 458 373 340 471 473 346 357 493 370
273 408 281 416 417 292 430 349 304 437 321 452 327 459 343 479 485 488 361 383
274 408 425 431 318 452 353 330 462 466 481 492 367
275 391 401 407 416 417 454 332 463 336 468 482 358 493 368 499 425 377
276 294 298 315 318 453 338 478 362 492 369 383
277 391 301 437 440 316 458 460 469 353 363
278 393 404 288 292 299 436 453 334 337 469 363 499
279 321 401 402 408 415 289 423 436 445 449 453 456 468 354 359 372
280 391 322 404 408 283 426 436 314 449 450 349 480 490 365
281 392 395 397 413 292 319 448 451 458 470 483 358 387 372 378
282 394 293 422 428 323 469 484 347 351 363
283 400 297 433 441 320 329 336 476 358 361 493 488
284 406 495 285 287 422 298 302 438 311 441 315 322 487 360 362 381
285 385 404 419 292 421 301 302 308 443 450 459 471 472
286 399 288 419 421 434 310 444 467 339 476 486 487 360 362 368 370 371
287 387 396 397 415 417 291 430 313 331 464 344 346 477 360 493
288 416 435 436 312 314 441 465 467 470 473 355 484 496 377
289 390 397 399 414 428 429 306 439 458 438 329 459 462 486 366 495 496
290 385 433 437 324 454 340 479 480 490 496 370 373 378 382
291 385 399 439 313 324 456 332 461 474 350 355 484 357 492 496
292 394 405 408 297 308 441 444 448 325 456 340 469 482
293 389 308 449 455 339 348 363 381 377
294 417 418 454 298 304 447 326 332 342 485 359 499 375
295 297 301 317 325 457 458 337 341 473 474 476 478 357 485 489 447
296 388 406 429 435 449 452 472 475 480 485 498
297 388 421 427 306 312 443 319 336 341 342 472 348 488 365 367 376 381
298 411 422 443 451 326 457 345 347 370 377
299 386 396 305 322 457 462 476 491 498
300 401 414 415 411 420 425 429 306 311 318 335 355 357 361 490 362
301 384 386 312 313 319 455 458 461 344 346 347
302 394 440 322 463 344 474 487 364 345 382
303 403 414 419 423 305 441 447 338 341 473 481 357 492 374 383
304 387 412 319 321 330 332 337 348 366 371
305 427 428 402 404 307 439 446 472 485 488 364
306 396 420 310 316 446 321 324 418 470 476 369 372 379
307 391 438 459 463 477 485 486 488 492
308 394 440 431 312 317 325 458 463 342 344
309 384 392 417 424 312 320 340 341 478 355 492 369
310 419 422 432 436 447 341 472 487 489 368 377
311 395 422 429 436 439 318 453 461 334 353 497
312 407 408 414 327 317 336 471 349 377
313 398 365 400 417 352 373 377 379
314 385 386 408 427 436 331 342 484 491
315 393 410 318 447 329 459 341 474 481 365 495 368 498 373 380
316 409 437 450 348 378
317 399 422 425 480 327 449 456 469 343 474 475 352 492 378
318 428 478 453 376 466 350 483 490
319 391 473 351 450 328 332 338 470 493 477 480 365
320 401 451 472 479 495
321 387 396 410 412 454 451 335 471 482 488 376
322 384 400 408 413 427 435 452 328 333 342 490 491 370 371 383
323 387 391 368 440 481 459 336 343 474 475 354 358 488 365 495
324 470 432 435 335 342 352 494 385 374
325 433 436 327 458 355 481 483 363 369 499 383
326 385 388 403 410 415 450 330 421 366 378 382
327 396 410 476 460 471 477 352 487
328 391 393 424 426 340 365 472 473 353 487
329 386 399 414 411 434 457 461 340 491 493 372 375
330 428 435 411 421 453 337 375
331 392 418 423 437 453 464 466 484 375 383
332 417 421 465 342 348 487 362 378 380
333 384 420 425 428 444 347 487 489 382
334 482 494 407 412 415 416 460 465
335 413 368 437 461 470 345 354 361 367 446
336 385 399 408 350 389 439 450 462 337 480 362 425
337 413 455 345 492 496
338 400 411 474 473 348 480 355 496 370 413
339 396 401 411 436 446 460 477 488 365 376
340 406 415 370 437 460 462 345 351 360 369 498 380
341 413 417 426 470 356 371
342 392 423 475 355 361 359 381
343 445 349 480 353 443 489 366 380
344 397 431 417 411 438 443 444 446 447 451 461 348 490 499 372
345 384 406 446 460 466 477 485 494 374
346 401 408 410 424 432 437 483 355 486 490 369 362 382
347 387 404 406 432 436 481 422 486 489 497 372
348 389 430 458 471 484 444 492
349 399 441 353 458 484 361 497 381
350 385 386 410 414 431 456 459 487 360 374
351 401 416 452 477 359 492 366 368 375 381
352 396 408 424 429 440 463 483 468 475 362
353 391 403 421 437 465 354 357 445
354 433 444 448 452 479 366 374
355 386 363 423 426 359 464 484 487
356 398 404 410 427 429 418 463 484 360 363 375
357 441 454 490 382
358 387 496 396 397 458 462 368 373 381
359 384 394 405 424 478 449 479 362 363 496 377
360 388 397 398 409 432 442 451 461 464 469 486 374 447
361 365 392 463 476 481 374 379
362 398 420 440 464 483 365
363 384 388 415 418 420 498 443 456 488 491 370 377
364 385 390 401 431 446 454 469 365 478 493 494 495 373 375
365 417 450 424 378 380
366 409 420 453 494 372 375 377
367 390 394 397 412 415 416 456 465 491 495 369 372 379
368 389 479 425 452 481 484 493
369 393 400 402 423 447 448 457 437 404
370 393 416 474 477 478 377 380 381
371 385 386 404 411 452 455 373 482 498
372 386 391 407 402 404 411 441 462 469
373 389 403 425 440
374 401 428 462
375 399 401 409 419 439 466 477
376 395 407 431 443 453 470 474 478 493 494
377 406 416 456 490 378
378 398 402 425 432 444 487 380
379 413 427 437 453 462 463 493 499
380 407 473
381 439 443 462 485
382 418 425 459 486
383 384 449 410 436 474
384 393 420 427 432 435 440 452
385 388 423 441 442 490 424
386 408 452 411 417 433 479
387 405 429
388 409 422 453 494
389 442 458 474 475
390 403 406 426 432 435 439 452 491
391 399 406 413 439 479 497
392 397 400 403 406 410 425 435 436 439 456 474 484 496
393 398 407 448 463 466
394 395 446 472
395 400 403 428 440 445 462 466 473 477
396 471 407 416 421 443 460
397 401 407 444 464 481 491
398 417 419 421 431 439 455 461 464 483 491
399 421 486
400 448 463 472 476 482
401 402 438 454 461 487 497
402 404 411 413 474 425 477 478 482 499 447
403 410 432 441 449 458 469 492 494 495
404 410 416 452 480 482 488
405 433 478 443 452 458 464 470 479 469
406 414 418 430 451 474 480 492
407 423 435 457 468
408 419 424 473 489
409 471
410 433 434 490 491
411 412 413 421 490 495
412 428
413 422 457 468
414 426 429 441 466 486 488
415 491 428 442
416 429 451 458 490
417 427 429 436 484 486
418 421 426 432 446 466 496
419 455 461 468 470 471 489 426 469
420 444 449 481
421 427 440 458 489 496
422 423 436 446 463 465 472 482 494
423 427 429 442 443 458 460 465 468 492
424 430 440
425 427 442 449 451 460 490
426 434 453 467 475 482 491
427 437 453 484
428 441 475 483
429 470 474 475 482 494
430 445 470 484 485 493 495
431 470 434 435 440 467 486 493
432 444 442
433 486
434 437 456 439 468 470
435 453 454 455 487
436 447 495
437 458 473 494
438 448 471 489 490 495
439 440 481 495
440 445 480 465 495 496
441 442 445 462 476 477 483 491
442 498 460 466 493
443 464
444 472
445 454 461 481 492
446 487
447 454 490 494
448 488
449 484
450 454 469 485
451
452 464 472 477
453 468 469 488
454 492 493 462 477 482 499
455 479 457 465 467
456 499 474 483 485 489
457 499
458 468
459
460 477 470 479 482 487 488
461 465 487
462 489
463 471 479
464 469
465 483
466 467 486 495
467 495
468 476 486
469
470 471 473 487
471 475 477 482 495 497
472 475
473
474 481
475 495 498
476
477 486
478 482 481
479 486 496
480
481
482
483
484
485
486
487
488
489 496
490 499
491 498
492 498
493 495
494
495
496
497
498
499
