#build_topology.py 500 30 global 0.01
# GMT Fri Apr 26 02:53:01 2019
# 
0 129 391 13 270 280 408 26 415 36 427 172 45 174 431 317 191 66 69 73 334 463 216 473 479 483 100 101 358 234 377
1 192 132 272 273 275 276 279 24 289 36 427 176 439 442 443 190 63 64 417 201 58 473 346 221 228 490 370 375 377 106
2 259 261 19 404 473 152 415 164 42 445 373 455 206 335 80 217 348 95 224 208 230 359 105 109 110 111 112 244 245 253
3 144 401 154 415 416 417 421 167 424 434 308 436 444 190 321 452 69 208 465 474 95 225 485 230 233 109 367 250 123
4 261 264 12 403 406 158 278 40 42 43 433 178 53 313 452 458 75 335 465 466 89 474 477 223 98 355 484 111 376 170
5 257 135 394 15 274 147 149 280 28 32 167 298 300 434 181 59 193 327 457 78 467 214 344 348 223 100 232 495 498
6 385 491 389 11 131 279 152 158 420 38 40 297 431 182 440 442 316 73 83 340 469 86 164 93 350 226 357 361 363 425
7 258 259 138 152 23 408 413 159 292 44 301 178 436 53 57 63 449 68 70 462 207 464 470 217 90 96 490 369 370 244 362
8 256 364 144 274 26 27 416 52 94 438 57 314 444 192 321 450 197 329 82 215 93 478 223 352 99 363 108 493 112 121 383
9 385 193 10 395 269 275 25 454 44 394 447 65 453 70 460 330 332 211 216 475 93 225 101 488 490 494 239 373 376 63
10 134 392 15 405 25 286 423 476 427 45 308 180 203 324 453 327 331 208 346 399 220 93 95 97 104 362 495 117 376
11 128 258 261 391 394 12 269 271 144 151 155 29 417 390 38 169 438 188 190 322 196 81 88 91 349 223 358 376 123
12 257 386 261 262 265 397 142 402 278 24 156 31 134 172 308 478 393 326 456 439 85 477 222 118 375
13 301 146 19 148 149 197 420 421 294 114 438 444 192 182 78 339 429 347 352 227 358 230 103 496 242 20 123 380 254
14 258 266 267 16 157 287 424 29 432 305 182 72 201 463 467 340 471 217 346 219 222 97 354 99 104 361 235 494 240 497 127
15 137 395 141 270 399 25 389 296 172 433 178 180 58 189 321 66 331 454 202 459 99 214 93 223 97 355 497 377
16 129 142 402 19 415 35 422 173 438 325 190 63 182 83 212 470 474 91 221 94 351 356 489 364 367 403 373 254
17 258 387 132 274 156 415 174 306 311 446 321 453 73 331 461 335 81 82 339 217 353 356 492 402 111 496 318 118 120 383
18 136 141 270 145 278 407 281 34 420 165 297 181 446 67 72 74 75 210 340 223 96 355 485 359 232 236 374 119
19 385 132 261 138 396 148 302 279 196 282 412 170 43 46 431 66 195 324 457 76 338 89 350 359 107 368 332 254
20 390 403 404 280 26 283 160 294 369 170 199 431 50 310 317 319 67 197 327 141 468 213 217 422 231 360 113 114 115 124
21 265 289 422 425 171 430 221 309 442 60 62 324 330 75 460 465 82 41 86 93 94 485 230 188 494 111 499 489 378 119
22 256 132 391 274 275 25 154 28 157 166 296 46 316 191 324 69 455 73 331 464 466 224 294 487 103 365 247 252 253 126
23 384 129 133 264 395 144 274 155 29 286 31 39 307 52 55 314 446 191 455 217 474 348 221 483 423 115 372 252 253
24 132 133 260 136 393 281 161 419 36 423 44 430 431 306 53 311 452 453 198 80 467 474 91 92 480 229 117 383
25 398 403 277 151 414 159 33 419 42 171 300 183 287 65 73 460 291 344 100 347 484 244 383 380 253 127
26 43 135 401 149 280 289 163 296 426 263 428 174 303 305 186 60 460 78 470 343 90 219 476 226 273 239 125
27 131 264 142 400 411 414 161 162 291 423 44 47 53 54 444 192 204 460 463 466 469 207 349 479 97 167 494 367 116 250 85
28 256 258 135 393 396 141 142 272 154 156 416 34 41 428 185 191 448 268 205 470 91 348 98 104 372 119 120 124
29 407 146 408 303 411 422 428 173 47 441 59 318 66 325 198 163 85 185 472 475 92 349 355 114 243 187 247 124
30 130 131 265 87 150 152 416 33 162 38 39 171 305 308 95 316 447 193 325 32 460 34 343 223 355 489 107 236 109 499
31 261 148 367 285 286 415 165 51 55 184 60 457 78 83 469 472 475 421 225 484 359 235 493 366 111 115 248 123
32 128 276 149 407 153 284 163 295 424 434 312 188 446 191 195 325 331 333 208 475 222 489 106 364 40 372 250 379
33 130 143 284 159 160 166 170 299 176 53 442 196 197 205 467 208 337 82 227 87 346 482 483 361 240 243 374 121
34 130 131 399 273 275 406 151 280 417 40 170 57 201 330 84 469 342 88 99 485 363 109 248 123 380
35 385 134 268 146 409 161 163 305 42 429 47 49 53 438 55 440 445 196 327 218 349 352 228 487 488 490 117 376 378 383
36 388 88 279 409 157 290 292 43 304 200 180 450 324 325 328 85 470 344 474 479 226 230 239 120 377 255 127
37 389 138 272 277 159 112 308 415 394 447 193 194 323 453 73 202 461 80 83 340 90 219 99 235 493 368 376 251 253
38 384 130 261 435 275 407 160 417 290 297 173 302 51 180 56 57 448 453 206 467 462 343 98 492 110 372 254
39 129 344 156 285 163 292 296 425 307 438 56 192 322 201 461 81 213 216 164 92 355 103 105 110 370 120 380 255
40 320 140 400 430 411 420 294 174 440 441 189 64 321 68 198 328 204 340 86 122 481 98 372 246 378 125
41 384 259 266 403 408 420 421 430 292 77 80 82 84 215 217 478 293 364 365 112 383 244 117 247 248 379 127
42 128 134 386 392 141 413 167 43 221 65 67 197 330 459 332 78 81 345 250 486 365 157 248 377 122 382
43 128 262 135 138 269 413 299 172 174 50 51 310 441 266 394 196 75 83 469 487 489 107 376 252 381
44 386 267 322 405 154 284 159 422 167 305 53 310 55 63 450 67 452 453 460 338 89 477 240 242 119
45 131 137 269 398 144 453 417 70 296 169 442 187 325 198 330 204 79 464 340 341 221 227 484 236 372 249 253 126 213
46 128 385 142 276 406 287 160 161 429 93 433 309 440 185 447 449 198 77 80 465 339 342 475 349 353 236 238 124
47 262 264 397 150 153 162 301 433 439 58 95 320 195 75 77 223 356 231 234 108 493 110 239 118 380 253
48 387 388 396 141 408 289 292 165 497 424 425 299 433 449 67 177 207 208 470 464 101 232 235 493 494 495 241 374 251 126
49 448 343 142 399 402 403 279 283 288 166 172 52 54 57 188 446 192 194 195 459 338 203 215 473 218 271 222 361 497 254
50 137 414 422 424 432 177 434 236 182 185 187 445 192 69 327 78 215 88 219 93 356 103 360 105 108 378 255
51 394 403 278 409 285 417 164 426 171 413 309 182 184 198 72 458 206 209 345 92 237 495 497 370 124 170
52 260 281 156 159 423 431 176 440 186 315 188 452 70 327 335 81 468 342 472 220 94 359 360 233 363 239 115 120 124
53 134 172 277 407 412 433 424 391 440 177 56 60 191 196 70 72 201 465 339 216 368 116 250 253
54 403 282 410 415 428 302 175 442 59 65 66 325 456 209 338 469 215 89 486 490 466 366 369 242 117 378 382 213
55 130 470 138 395 396 406 153 284 165 422 170 301 187 317 198 72 204 80 342 475 476 464 356 359 367 115 372
56 256 263 403 404 157 243 436 452 453 455 332 333 78 205 91 478 351 229 230 103 104 493 238 240 371 373 121
57 265 143 273 147 287 297 304 307 308 393 313 188 445 64 321 195 461 333 219 350 486 233 499 381
58 384 132 264 394 275 409 153 410 157 296 429 430 189 446 119 465 338 346 96 482 229 109 241 498 371 246 247
59 139 270 147 156 161 166 167 300 432 433 181 182 446 451 199 177 463 215 207 93 483 484 101 232 377 254
60 131 265 396 273 409 412 286 164 167 299 177 159 318 63 69 326 327 462 467 349 106 235 108 367 377 250 252 362
61 262 393 138 399 472 410 163 293 168 169 305 434 307 394 450 323 457 75 460 462 85 344 332 357 499 373 120 250 251 254
62 271 273 290 419 170 430 175 304 181 188 193 323 457 459 77 206 207 214 343 473 346 348 99 444 494 496 241 123 383
63 263 136 148 154 416 174 431 306 309 70 456 333 462 82 467 89 481 355 490 363 466 118 247 381
64 131 129 87 271 402 195 148 149 287 161 418 297 391 302 314 315 188 451 196 329 76 337 215 97 106 498
65 385 264 138 271 273 274 409 280 154 285 288 393 440 441 444 202 326 71 458 463 184 85 473 481 362 247
66 491 470 263 103 267 282 155 172 176 439 451 74 79 465 214 207 476 94 352 359 104 363 366 368 249 123
67 389 395 140 148 411 158 161 286 185 320 322 459 332 465 82 470 472 89 475 98 484 486 103 489 238
68 136 399 280 147 152 295 296 170 175 435 437 312 443 190 201 479 224 98 315 228 358 487 496 498 245 246 126 127
69 267 142 259 405 151 410 173 309 184 313 74 209 339 346 480 483 104 105 365 238 111 488 243 116 245
70 384 399 148 286 159 160 419 176 393 184 446 76 468 341 90 476 485 235 493 112 190 120 377
71 387 391 266 141 400 280 278 152 297 172 321 433 436 310 313 189 194 459 77 80 209 211 216 220 95 101 359 111 240 117
72 391 143 145 277 150 410 156 419 428 302 175 184 316 194 451 452 202 465 399 343 91 239 112 372 247
73 386 133 136 137 274 404 410 160 304 177 179 455 77 335 467 343 477 351 145 239 380 264 127
74 269 271 151 412 289 426 172 303 432 177 179 309 186 443 321 328 457 460 83 468 474 481 100 102 467 121 383
75 153 196 410 288 419 165 301 179 308 443 448 321 452 326 455 457 84 471 219 231 491 492 494 242
76 392 141 412 415 417 166 171 173 176 438 321 452 374 334 468 89 360 490 364 373 246 119 340 122 383
77 386 399 303 276 152 201 155 159 162 167 296 304 177 180 311 440 320 336 472 349 97 485 102 359 381
78 145 148 158 421 299 180 439 186 245 311 79 312 94 227 484 233 108 369 115 117 374 380 255
79 387 146 281 367 158 178 310 318 319 199 466 212 91 226 485 102 489 237 495 114 499 244 118 122 251 253 126
80 386 388 134 146 260 411 162 163 424 170 429 175 177 315 183 461 209 82 473 107 117 122 379 126
81 384 135 140 143 405 406 367 414 185 443 199 332 339 479 480 481 354 229 489 167 366 111 497 371 123
82 257 258 259 274 287 294 167 184 323 198 199 330 216 345 91 353 102 401 488 490 491 112
83 427 140 399 401 147 158 160 418 429 181 326 198 173 339 474 353 361 492 116 489 379 381 127
84 128 257 260 399 400 273 159 163 172 176 316 449 196 225 456 203 463 209 338 211 219 481 488 105 110 118
85 386 132 258 272 260 283 412 414 418 294 168 306 411 450 458 290 341 345 362 363 495 370 378 381 255
86 258 261 271 276 407 408 288 289 241 425 178 307 438 451 198 455 470 89 348 350 351 96 229 360 364 113 125
87 256 257 135 268 450 277 410 288 417 422 297 302 432 317 194 325 210 94 232 106 235 495 241 379
88 259 134 391 145 408 156 161 170 433 182 183 190 320 323 198 465 339 214 218 225 485 230 106 243 246 124
89 398 271 405 278 281 158 162 424 298 430 187 446 453 208 466 213 470 217 352 101 118 124
90 259 264 268 282 157 415 420 198 168 302 303 432 178 179 189 448 459 336 210 292 346 482 364 240 246 121 122
91 129 263 401 152 290 295 302 437 310 324 455 459 467 476 223 97 233 368 497 370 372
92 390 143 277 414 297 170 429 349 306 180 312 456 333 207 466 339 469 344 93 222 480 295 372 120 122 381
93 133 147 404 279 153 298 306 304 435 180 436 319 449 455 200 223 106 238 114 116
94 131 139 145 153 155 415 288 164 171 433 178 308 312 188 471 205 334 218 480 105 235 492 374
95 256 266 205 277 281 289 293 422 167 429 430 441 443 190 321 451 459 461 462 335 343 345 102 189 127
96 129 133 139 156 159 342 421 436 300 174 308 185 192 331 325 329 459 204 461 336 220 351 353 234 235 241
97 131 137 397 403 276 149 412 414 173 433 307 187 138 456 109 341 356 491 365 238 368 122 125
98 130 259 139 407 409 283 421 428 437 311 322 395 326 465 267 475 350 223 323 364 110 245 382
99 384 256 137 395 145 409 284 416 161 419 428 300 322 323 325 331 205 142 351 352 484 241 244 122
100 390 135 267 268 465 275 276 278 281 155 163 432 177 312 441 200 460 462 337 346 103 490 365 238 376 122
101 392 156 158 418 163 292 435 181 462 232 447 329 202 203 334 339 206 485 488 234 109 239 369 116
102 135 138 141 280 409 410 162 304 306 185 195 331 216 475 477 486 230 489 490 367 240 499 372 373 106
103 259 264 145 425 315 448 450 202 461 208 184 221 352 336 354 492 497 498 117 120 380
104 139 322 273 404 150 152 298 181 315 195 332 465 470 471 267 224 358 364 237 367 112 498 244 248 125
105 387 400 274 147 279 324 154 417 293 304 183 185 321 196 327 202 460 489 365 371 118 248 212 403
106 260 268 472 406 156 412 426 428 308 441 223 192 193 454 202 341 357 229 230 365 366 497
107 193 393 149 407 408 160 243 296 301 430 176 435 249 317 321 323 329 458 215 486 360 236 109 368 115 121
108 129 261 134 402 403 110 155 288 419 430 305 438 315 320 196 199 210 215 217 481 231 238 112 118 376 126
109 385 299 423 171 302 303 306 440 315 447 324 458 290 462 210 211 218 220 477 223 370 123
110 262 409 157 197 160 297 430 435 180 182 187 449 453 329 463 209 210 226 374 248 382 127
111 135 150 414 290 421 425 427 430 309 187 206 336 342 216 345 218 219 327 227 362 498 119 126
112 408 154 338 305 311 324 200 203 462 207 210 467 341 474 489 490 366 244 375 378 254
113 384 258 133 269 142 274 275 410 412 413 417 290 146 172 313 191 451 198 332 461 338 348 351 483 228 365 371 250
114 384 364 267 270 276 409 412 289 177 121 440 323 198 455 330 397 464 471 222 362 236 240 242 115 247
115 146 276 277 418 294 170 427 173 302 314 445 191 323 326 183 336 214 477 228 487 362 372
116 258 135 265 271 275 153 287 165 296 298 432 306 189 210 474 354 230 487 231 237 498 403 122 126
117 130 259 214 391 273 405 407 487 297 435 187 318 457 163 334 342 377 359 496 121 253
118 385 390 393 267 283 162 293 170 311 364 190 194 331 213 343 226 486 498 119 340 383
119 392 276 278 408 413 197 164 165 423 285 180 184 441 246 208 215 222 224 229 230 359 488 365
120 387 159 289 476 298 174 303 304 445 444 441 328 458 465 340 215 350 227 491 239 380
121 128 131 263 270 273 402 277 296 175 445 245 198 200 457 469 344 348 221 380 493 241 124
122 395 273 151 153 420 295 179 183 187 448 451 326 205 337 470 463 482 229 249
123 385 470 257 194 270 493 144 451 452 417 312 313 323 196 289 200 214 221 227 236 499 374
124 388 139 472 275 158 160 172 430 441 317 196 247 211 468 213 237 366 241 375 250 253
125 258 136 393 404 408 284 413 159 420 421 295 157 179 436 437 314 459 208 345 478 483 357 237 496 373
126 135 281 152 409 154 161 169 304 309 311 209 466 340 348 225 487 489 364 238 368 252
127 386 391 418 419 296 300 301 174 309 184 187 322 334 336 218 478 227 358 496 499 376
128 276 405 418 423 297 181 189 318 224 194 323 324 455 458 209 341 377 352 226 359 489 327
129 265 269 147 404 405 283 291 477 305 436 313 189 202 203 464 338 211 221 223 224 356 249
130 178 263 136 396 398 275 148 160 429 306 182 319 352 195 340 342 350 480 357 231 247 447
131 392 267 143 410 165 427 136 182 311 139 451 334 207 468 469 214 347 492 493 383
132 262 264 395 268 279 157 416 293 167 179 151 448 449 212 215 477 352 145 237 368 497 244 373 374
133 388 390 277 156 432 369 300 304 436 312 313 442 317 321 323 161 210 467 228 491 495 374 378 253
134 260 389 263 392 393 271 282 412 288 297 172 439 428 319 455 459 348 356 232 489 377 381
135 385 258 260 266 400 401 276 151 282 288 334 210 470 472 218 483 235 493 243
136 265 279 275 281 409 155 412 414 162 175 189 448 450 199 343 344 474 231 365 497 374 255
137 259 394 267 270 274 405 154 157 291 299 175 304 438 444 318 193 333 461 208 338 223 359 363 466
138 260 277 158 159 161 293 301 179 309 455 331 463 465 467 348 350 352 487 237 373
139 260 415 437 311 444 445 190 321 194 327 200 202 205 462 211 469 349 479 227 233 360 242 251 379
140 259 389 142 451 156 157 158 261 160 291 168 426 413 478 188 190 326 330 460 205 206 209 347 350 499 372
141 384 386 307 407 158 418 179 436 329 440 445 446 447 448 457 458 460 352 235 370 372
142 384 266 270 399 409 453 347 429 176 437 442 195 271 225 227 485 486 490 240 378
143 389 263 402 151 408 411 284 286 159 288 290 421 433 438 183 442 444 448 341 356 371 244 374 249 250
144 256 400 282 411 291 166 172 174 179 308 183 192 325 199 482 468 217 480 354 358 361 238 244
145 393 396 271 157 422 177 180 310 196 327 456 331 333 340 206 226 484 237 247 468
146 385 274 279 153 283 286 416 298 303 433 306 414 183 447 449 224 205 470 215 480 358 360 366
147 235 388 411 167 287 423 172 173 181 182 456 335 337 210 346 481 487 232 363 467 382
148 260 395 154 415 288 289 198 304 316 335 465 338 339 217 475 222 400 360 490 370 374 254
149 256 394 150 156 414 429 433 440 314 443 320 328 457 462 340 220 226 487 489 493 366 249 378
150 387 269 156 286 415 424 298 428 311 318 193 455 397 467 212 343 472 481 230 360 492 238 496 245 468
151 283 412 163 168 297 171 428 349 308 437 440 441 442 199 331 463 214 480 378 253 382
152 261 392 285 421 425 429 431 434 437 438 447 455 209 474 224 485 237 246 252 381
153 448 257 273 276 303 433 447 320 193 452 460 215 473 484 363 365 241 242 246 191
154 193 270 400 416 368 424 172 179 313 197 332 210 341 219 229 234 235 236 276
155 256 394 397 276 157 430 433 439 440 316 320 195 452 453 326 202 209 354 489 250 251
156 384 158 287 289 306 201 185 316 319 454 200 273 177 374 377
157 390 391 397 398 296 182 186 449 322 470 420 219 349 223 235 248 251
158 268 167 168 303 306 180 310 186 449 458 211 219 380 491 241 243 252
159 283 415 164 423 425 442 319 464 342 471 336 485 235 367 169
160 388 392 401 280 281 433 310 186 197 465 214 219 477 227 252 363 239 382
161 448 472 275 406 407 412 290 303 308 310 327 200 203 336 218 366 232 379
162 386 325 295 296 426 172 302 304 194 374 460 206 214 216 474 348 478 226 487 363 252
163 409 285 166 435 180 442 450 324 325 458 209 214 345 314 350 226 365 375
164 393 435 270 402 285 286 300 175 305 183 192 197 200 247 397 339 344 478 232 234 379
165 385 267 396 400 282 283 435 438 244 445 322 464 468 218 221 353 483 228 492 375 250 380
166 256 258 342 262 267 398 399 401 300 306 439 442 323 456 333 465 469 470 471 344 484 493 366
167 399 402 286 417 296 426 429 303 432 440 450 195 208 466 474 359
168 384 259 321 394 401 404 303 285 414 172 429 431 309 445 193 453 340 476 189 368 498 245 247 255
169 256 257 406 411 423 170 437 186 444 317 321 328 330 226 341 214 471 482 357 488 316 372 375 252 426
170 270 406 407 415 434 439 311 207 465 480 232 236 370 375 248 250
171 275 408 285 290 426 436 185 187 445 191 320 205 468 342 475 224 228 485 233 253 383
172 389 409 289 426 318 437 325 326 339 229 375 376
173 259 403 410 419 436 312 452 275 329 458 206 342 347 479 354 485 234 364 243 377 252
174 392 282 295 498 304 433 306 307 308 310 438 217 476 355 228 366 370 245 377
175 280 325 417 348 430 432 178 180 437 415 319 193 197 460 461 337 476 479 238 373 379
176 394 395 268 279 414 454 423 298 432 438 314 453 457 458 459 461 209 481 354 231 496
177 398 274 410 288 418 180 183 455 463 338 341 343 490 494 495 368
178 259 274 289 421 304 436 309 439 186 315 318 449 322 195 334 343 473 476 226 372 248 252
179 386 262 416 422 184 186 320 326 467 341 350 485 357 361 364 381 247 251 252
180 264 451 281 435 438 439 323 196 204 461 217 474 219 229 490
181 391 392 472 415 456 186 328 459 334 215 344 353 229 360 366 240 370 243 373 246 251
182 414 419 326 303 313 186 198 327 337 211 340 469 314 442 349 413 351
183 389 394 366 412 413 433 427 307 442 446 450 332 420 364 402 494 242 371 381
184 261 262 272 406 389 417 347 434 478 313 319 207 335 463 222 359 496 369 248
185 268 302 415 424 312 315 480 195 456 335 470 350 353 358 489 368 499 373
186 263 268 435 270 416 420 312 314 191 466 340 217 479 224 360 494 496 248
187 260 402 291 293 295 440 446 454 353 459 467 213 228 230 231 497 375 247
188 398 277 281 428 434 371 350 310 318 209 313 346 353 228 499 246 250 252 382 255
189 261 263 271 413 347 420 299 300 302 190 456 329 458 340 475 483 357 358 381
190 394 397 407 292 421 425 301 323 396 336 339 347 352 464 487 366 370 246
191 263 399 387 404 280 347 420 422 497 304 198 202 341 475 478 245 250 382
192 259 268 273 276 294 304 436 439 325 328 269 208 342 349 481 355 375 249 200 382
193 390 393 403 281 408 414 291 316 449 460 338 344 476 293 356 357 498 251
194 385 259 406 262 264 268 398 278 299 300 302 321 267 331 210 228 486 363 240 369 372
195 403 406 281 301 440 316 196 201 463 337 221 482 490 241 372 379
196 261 263 402 290 427 301 463 215 472 474 486 275 373 255
197 395 272 284 299 446 449 324 289 460 331 204 209 211 479 361 362 492 318 377
198 393 411 283 441 451 464 343 217 354 228 237
199 256 276 281 283 284 415 290 423 412 264 308 456 213 471 228 346 478 352 484 295 239 373
200 491 269 271 403 277 409 287 293 297 439 322 206 338 344 412 359 361 235 245 246
201 266 267 280 419 429 303 438 321 450 466 398 215 219 476 349 350 477 361 248 250 379
202 395 269 272 402 411 311 313 444 323 324 213 476 293 490 238 382
203 256 396 287 294 430 432 434 435 480 328 337 338 468 347 352 226 232 234 235 493 238 382 383
204 385 387 270 404 281 410 284 288 421 431 306 308 314 328 214 345 474 478 485 358 232 499 379
205 391 404 279 410 431 412 425 430 434 307 329 458 464 355 215 492 249 382
206 384 256 270 407 280 411 447 454 396 418 462 337 472 225 228 229 273 492 365 380
207 263 268 322 412 293 426 432 319 454 333 337 475 220 354 484 232 253 498 381 383
208 264 236 395 404 291 293 265 312 322 324 461 333 210 211 214 472 364 244
209 386 387 264 405 285 289 419 311 327 396 330 337 353 239
210 384 385 214 364 322 272 282 391 236 446 324 466 469 470 347 241
211 260 385 277 279 380 421 300 431 308 319 326 341 219 222 225 240 244 376 379 252
212 390 265 394 279 399 401 407 444 292 294 296 432 437 312 443 316 317 271 472 463 351 445 496 371 245
213 395 397 473 286 293 294 299 434 316 447 448 456 334 464 468 216 479 235 499 251
214 280 411 421 349 440 482 218 399 477 352 354 230 363
215 476 405 422 307 342 474 348 230 494 496 238 498
216 262 264 239 273 278 283 294 305 308 310 318 453 330 331 342 346 222 481 365 499
217 402 275 414 289 435 308 449 452 328 348 478 351 352 225 242 373
218 257 403 276 292 423 424 429 305 309 441 442 458 313 293 360 240 243 368 381
219 367 284 291 426 427 301 302 333 336 483 359 238 495 250 381
220 256 387 401 406 452 292 299 435 316 448 322 459 324 457 335 477 224 482 485 230 488
221 391 268 400 279 415 420 299 308 445 450 326 457 399 233 369 378
222 256 403 282 286 292 294 434 310 442 316 320 341 342 353 488 491 496 497 383
223 385 272 283 424 305 308 313 442 345 346 476 366 296 234 383
224 266 402 288 497 301 315 317 326 338 474 478 351 481 358 495 360 243
225 264 472 277 282 413 288 289 424 430 310 443 329 460 476 360 495 244 380
226 387 414 416 290 298 428 447 323 464 342 350 488 234 499 362 255
227 387 262 392 396 274 409 419 292 308 441 318 319 456 477 360 362 365 374 377
228 386 264 322 401 408 288 312 338 334 471 357 487 236 370 249
229 277 283 410 299 303 306 436 323 465 344 354 236 372 376 254 405
230 263 270 278 282 294 315 444 406 448 457 461 339 441 443 361
231 387 262 364 397 405 279 283 425 435 309 449 475 477 355 486 232 495 368 369 250 254
232 388 435 408 419 426 300 303 304 432 319 470 345 234 364 380
233 386 399 387 407 280 298 498 311 312 314 317 318 453 331 333 336 346 476 481 361 365 370 378
234 265 414 416 428 306 434 437 312 314 455 457 460 472 482 356 485 235 254
235 266 268 422 301 442 480 398 477 236 367 497
236 386 262 266 301 276 291 479 444 453 326 471 348 351 488 255
237 392 272 402 407 296 426 304 437 310 320 329 467 347 482 484 489 243 375 298
238 396 274 430 293 423 298 300 307 457 372 382 374 251 254
239 385 386 257 392 258 400 404 280 282 416 417 424 298 429 478 358 276 254
240 393 266 267 396 400 402 414 429 430 303 305 316 321 325 457 499 380
241 409 400 281 416 290 434 306 439 442 444 454 455 478 361 362 499 375
242 388 269 400 401 404 397 413 421 298 300 302 444 331 328 330 335 466 349 480 485 273
243 384 268 273 279 293 295 431 311 313 315 316 320 458 492 245 378
244 395 398 408 300 429 433 437 313 445 330 479 353 366 371 249 382
245 404 409 411 417 296 456 314 320 459 335 467 341 442 479 480 482 362 374
246 391 276 284 287 423 434 309 320 449 329 247 314 354 355 362 496 380
247 387 261 418 292 299 448 331 339 343 485 486 491 371 382
248 265 281 282 414 287 296 432 437 438 313 342 473 354 356 491 253 497 298
249 272 274 406 281 413 418 315 464 337 469 471 344 346 348 443 488 495 376 254
250 304 438 448 310 330 341 471 354 357 358 378
251 390 391 396 270 301 405 432 445 317 323 326 499 464 472 475 494 367 371
252 271 402 275 278 290 296 319 326 333 339 473 483 358 491 497
253 259 397 280 282 411 414 296 301 313 443 342 345 349 356
254 266 399 403 406 283 303 473 271 348 484 486 358 487 363 378
255 260 389 394 395 409 414 303 308 439 315 320 323 474 475 487 367 369 498 379
256 258 391 427 304 441 479 458 469 477 481 365 373 377 379
257 384 386 269 399 278 282 420 429 305 314 444 445 323 328 338 339 345 359 488 366 372
258 399 413 299 306 435 438 439 443 459 470 489 338 373 383
259 384 401 289 292 421 310 454 342 496 497 380
260 406 269 280 278 413 288 294 297 445 333 336 422 359 371 464 425
261 274 407 427 309 447 322 458 333 337 345 347 477 350 354 422
262 391 269 272 285 305 309 311 440 315 326 333 485 486 490 370 362
263 387 392 322 273 284 286 434 459 345 477 353 363 370 499 381
264 410 421 434 433 306 310 316 317 331 339 478 357 381
265 398 275 424 440 446 456 354 334 335 466 478 351 482 487 359 367 496 378
266 492 411 424 425 435 310 442 449 452 325 332 471 478 487 373 379
267 273 403 407 281 415 304 308 309 461 333 342 483 485 369
268 403 406 415 421 423 435 441 456 464 419 366 367 375
269 384 394 272 275 388 286 432 313 442 448 321 342 480 357 488 495
270 386 389 403 278 431 284 303 437 332 459 353 376 443
271 276 421 301 436 442 333 341 343 476 354 494 446 340
272 393 287 427 320 459 328 329 331 461 468 349 478 355 340 373 376 381
273 387 426 499 315 337 357 318 382
274 406 449 408 411 284 355 472 280 490 492 402 378
275 394 423 435 320 484 337 346 465 491 497
276 305 313 319 320 451 332 441 345 365
277 388 422 430 305 312 441 315 318 462 463 351 482 369 379
278 392 416 424 315 316 319 463 336 466 476 369 371 375 377 378
279 392 325 291 300 301 459 453 458 331 461 462 466 482 357
280 413 303 439 330 355 358 359 363 498
281 389 390 408 413 302 317 462 354 361 365
282 398 402 412 298 430 310 312 443 471 476 350 489 499 377
283 385 289 298 351 444 445 459 494 371 404 293 379
284 388 300 405 409 288 295 301 305 438 312 317 452 459 362 364
285 391 291 430 440 317 447 325 455 329 334 466 420 477 479 488 363 380 382
286 391 296 319 320 321 334 336 338 348 357 361 366 368 374
287 408 295 298 428 302 447 321 325 457 343 477 362 375 377 426 383
288 392 401 295 427 321 307 308 437 340 344 483 362 363 378
289 389 390 400 408 304 427 437 310 474 497
290 394 411 419 423 296 438 439 314 327 468 346 475 486 374 383
291 401 402 298 492 450 454 396 458 340 345 479 362 493 495 369 370 380
292 398 400 415 416 435 444 448 451 457 463 341 486 494 371 318 380
293 398 400 404 421 427 479 441 324 374 457 466 358 383
294 388 341 411 371 308 436 316 452 330 461 355 365 381
295 387 395 401 324 413 421 311 451 335 470 472 344 364 494 379
296 440 325 462 338 339 351
297 384 405 421 437 314 309 323 325 329 332 462 338 358 374 382
298 400 404 410 416 445 455 328 330 469 352 375
299 388 389 419 426 438 323 330 461 338 339 361 368 469
300 387 392 400 370 303 317 325 336 338 485 491 364
301 363 324 434 453 458 348 361 366 495
302 389 396 450 413 303 305 355 493 445 496 497
303 439 316 311 481 375 382
304 390 449 335 336 359 498
305 390 416 425 435 466 345 477 354 363 373
306 410 419 423 460 360 494 381 374
307 385 418 316 319 335 466 469 342 346 352 356 358 359 488 366 317 498 371 379
308 412 449 463 466
309 394 412 431 438 315 318 448 349 487 363 499 430
310 407 426 320 337 467 474 492 496
311 400 402 368 447 472 473 475 483 484 495 426
312 387 391 401 409 416 331 336 364 497
313 413 319 448 449 326 336 469 470 496
314 395 397 417 420 423 425 437 461 469 493 495 380
315 320 475 423 443 321 332 346 353 363
316 386 403 408 414 429 431 319 487
317 395 397 401 405 428 433 471 470 347 348 486 364
318 343 496 424 448 452 471 472 335 476 483 368
319 385 392 401 405 355 427 446 332 472 484
320 397 438 328 335 473 478 367
321 391 458 465 475 356
322 398 401 427 434 444 331 471 345 479 481 372
323 396 433 458 342 473
324 396 398 402 428 332 497 473 361 362 369 489
325 407 398 445 331 334 359
326 397 499 404 427 454 329 361 490 366
327 410 426 454 456 459 332 344 347 351 481 358 490 494 375
328 390 410 423 436 460 338 468 347 476 354 483 484 374 379
329 393 394 399 401 410 420 434 449 458 332 468 474 486
330 343 408 412 416 372 349 486 360 373 382
331 398 454 336 337 497
332 413 416 424 418 340 472 479 491 494 370
333 393 395 402 388 426 428 429 452 343 353 486 371 374 382
334 389 341 416 417 425 451 453 454 455 475 491 367 372 383
335 398 418 422 424 464 472 349 480 344 361 373
336 390 409 420 429 433 434 438 467 470 357 362 492
337 386 388 396 418 429 430 452 457 478 359 366 381
338 411 413 422 440 424 442 486
339 389 398 426 433 435 439 444 344 351
340 390 393 398 444 347 350 353 498
341 387 404 411 414 416 474 495 499
342 410 427 436 415 454 358 486
343 491 395 419 426 444 463 344 349 363 499 379
344 425 446 353 487 488 491 492 495 376
345 384 417 419 431 437 450 347 353 443 362 383
346 422 425 479 452 462 471 488 372 380
347 493 410 412 418 355 467 480 483 494 369 382
348 388 471 411 390 422 452 462 367
349 471 407 409 496 476 431 470 375
350 384 398 404 412 435 446 451 454 484 486 496 498
351 386 397 418 420 448 451 453 459 463 474 481 357 360
352 411 429 455 467 469 475 480 359 489 366 377
353 388 419 462 465 471 481 472 359 361 377
354 411 412 413 416 422 443 452 455 398
355 421 428 434 463 464 469 364 371 375 382 405
356 386 395 406 407 425 427 440 451 453 461 468 475 361 367 498 371
357 385 405 422 428 446 447 462 467 367 370
358 385 404 406 415 466 469 483 493
359 389 395 413 483 380
360 408 419 427 449 454 482 485 490 498 383
361 404 406 425 436 446 455 465 473
362 387 393 423 412 431 457 460 375 377
363 397 406 424 466 475 476 478 403
364 432 441 444 440 482 494
365 401 414 416 456 476 483 423 376
366 431 432 448 459 493
367 391 392 491 440 442 400
368 390 408 418 434 439 451 456 461 462 464 485
369 396 401 389 418 435 448 450 452 468 471 478 495 380
370 395 397 406 443 446 460 480 481 495
371 394 404 405 418 443 454 456 460 379
372 399 405 409 492 379
373 429 431 439 400 483 381 380
374 413 428 440 443 485 497
375 493 431 433 434 437 473 484
376 388 389 410 425 441 460 488 491 380 381
377 386 429 407 414 416 438 378
378 388 391 396 397 398 415 435 419 381
379 390 411 434 470 482 486
380 436 447
381 402 429 451 463 496 469
382 398 449 462 465 480 492
383 396 411 442 453 456 469 484
384 397 420 426 436 451 468 462
385 390 404 439 457 458 487 496
386 389 406 407 430 436 450 468
387 424 450 454 461 466 481 497
388 392 393 395 396 414 415 428 444 451 455 494
389 405 414 418 437 444 450 417 440
390 412 425 429 440 441 445 450 457 494
391 392 423 467 471 484 488
392 397 417 425 426 457 458 477
393 490 454 423 437 451 477 400 494
394 432 447 451 465 483 493
395 427 434 481 485 494
396 405 410 474
397 404 426 427 453 456 446
398 433 426 482
399 409 421 429 452 466
400 403 427 436 445 447 453
401 420 446 449 469 492 496
402 410 431 459 462
403 439 472 487 489
404 474 486 493
405 413 439 468 479 494 495
406 435 442 443 460 464 489
407 410 445 450 488
408 417 420 466 471
409 430 431 456 463
410 479
411 451 425 453
412 442 452 479
413 439 441 493
414 449 428 464
415 420 447
416 493 443 488 497
417 495 421 423 436 443 451 492
418 433 426 450 454 466 477 482 495
419 457 441 453 455 469
420 453 456 470 480 486 447
421 448 473 491
422 423 430 432 440 474 477 483 495
423 437 489 490
424 427 454 456 463 490 492
425 436 451 470 476 481
426 452 462
427 432 436 455 474
428 434 444 462 464 476 477
429 439
430 463 498
431 494 436 449 486 487
432 494 446 455 471 483 488
433 441 465
434 462 480
435 446 449
436 463 490
437 473 438 441 450 481
438 455 491
439 472 477 492
440
441 484 480 496
442 455 492
443 468 473 481 492
444 461 497
445 454 482 488 493 496
446 464 465 473 484 488
447 465 471 490 495 498
448 467 495
449 479 488
450 454 463 464 480 487 488
451 452 482
452 481 499
453 460
454 471 491 499 490
455
456 484 485 494
457 466 469 482 498
458 491 482
459 479 486
460 467 496
461 475 477 484 491
462 492
463 487 488
464 473 477 492 499
465 482
466 487
467 468 473 478 482
468 473 483 487 492 498
469 478 499
470
471 498 479
472 493 490
473 478 479 490 493
474 491
475 486 487 489 494
476 483 484 491
477
478 489 498
479 480 484
480 488 493
481 482 486 491
482 483 489 498
483 488 496
484 485
485 489
486
487
488
489
490
491
492
493
494
495
496
497 499
498
499
