#build_topology.py 500 30 local 0.01
# GMT Fri Apr 26 02:19:53 2019
# 
0 3 392 9 142 280 407 408 410 411 418 36 297 428 436 184 315 60 67 452 329 460 464 83 89 479 105 368 372 250 379
1 263 408 20 24 153 410 29 414 291 423 299 301 47 48 434 51 441 314 318 75 326 459 333 336 82 471 477 100 104 250 126
2 386 193 408 282 27 156 419 422 433 436 313 58 62 449 196 328 80 340 471 220 225 483 485 359 104 233 495 113 381 255
3 133 262 265 151 26 160 342 41 427 431 178 435 440 314 321 336 85 470 472 222 229 231 362 363 243 118 124 253 383
4 387 271 401 22 154 411 412 158 416 162 297 46 303 305 306 312 185 479 62 192 208 210 212 471 95 353 443 100 493 190
5 128 395 396 269 147 30 292 37 166 167 424 170 176 320 324 275 203 338 468 342 475 224 225 485 486 236 239 403 127 383
6 131 136 396 397 18 107 281 295 165 38 167 456 310 441 188 189 224 72 73 205 86 215 88 352 355 235 236 177 497 115 244
7 128 130 260 265 270 143 153 32 162 420 39 171 174 178 184 59 60 320 194 207 312 339 346 224 97 315 100 485 233 235 114
8 138 268 160 161 291 36 171 173 46 305 54 445 188 61 450 182 326 71 458 206 214 215 218 476 223 438 495 372 378 125
9 393 15 402 411 33 162 176 180 187 317 64 201 76 461 206 218 219 476 224 486 362 112 370 244 117 374 251 124 490
10 216 147 276 162 424 44 431 433 308 53 183 436 443 193 69 199 439 344 345 93 350 480 229 232 494 369 370 382 378 126
11 385 258 267 402 407 431 424 42 199 175 50 311 313 443 64 327 76 202 204 466 87 223 225 98 231 108 367 498 495 123
12 44 396 146 283 412 34 163 167 300 189 194 456 74 460 461 335 80 345 346 476 99 228 234 491 367 498 372 248 377 126
13 261 137 272 274 275 285 295 169 499 56 441 315 319 196 69 204 206 335 83 468 341 473 123 167 367 370 243 425 251 252
14 388 267 411 157 161 164 167 45 61 192 454 203 462 87 220 350 95 352 357 360 110 240 369 499 117 248 122 123 125 382
15 258 261 137 429 272 404 406 279 159 32 164 426 427 45 31 324 197 332 335 464 339 87 79 351 226 490 369 124 125
16 257 134 64 393 268 270 143 146 24 27 37 422 424 298 431 180 265 56 59 192 73 89 346 293 99 102 359 371 374 378
17 258 387 262 398 146 157 417 419 38 301 174 47 190 192 75 204 462 340 377 348 482 356 101 362 235 366 372 246 247 468
18 131 396 399 24 412 158 287 32 418 38 297 43 434 307 31 64 453 326 331 337 342 471 352 97 236 365 369 377 126
19 389 19 148 408 288 162 164 425 428 434 55 312 442 315 321 460 462 334 472 222 97 488 362 236 237 369 499 117 250 379
20 260 345 303 156 164 37 170 47 48 434 309 56 66 77 80 213 292 355 484 485 359 360 233 238 368 241 243 121 341
21 384 386 115 449 264 140 282 27 413 417 169 42 304 307 441 60 62 193 67 452 326 329 74 120 84 230 106 499 117 248
22 273 408 281 495 284 157 32 426 53 182 441 444 61 160 70 72 79 341 474 475 223 362 493 366 111 115 298 254 213
23 262 265 418 28 416 290 45 431 313 442 59 318 448 322 331 324 329 75 333 334 208 83 341 479 100 358 495 370 250
24 132 179 266 155 416 417 298 427 176 51 52 313 191 64 65 68 328 80 469 349 350 98 235 237 110 242 248
25 130 259 269 275 423 92 427 173 175 48 178 308 309 439 203 467 212 348 350 223 226 356 230 491 493 367 370 255 252 383
26 134 65 392 138 153 30 369 51 308 311 95 60 193 73 459 463 338 86 343 479 230 488 111 112 113 499 373 251 383
27 385 131 270 271 329 413 286 297 43 45 174 50 55 442 193 457 204 77 205 209 470 473 482 486 234 113 119
28 265 269 144 124 277 421 223 431 479 319 65 452 225 461 206 207 468 347 95 481 359 233 241 371 119 248 379 380 383
29 140 397 145 147 404 416 36 242 176 51 309 439 58 445 447 64 196 326 79 336 471 479 353 484 112 498 275 249 378 382
30 129 387 140 397 401 153 412 285 418 301 436 188 446 455 330 81 466 213 91 223 353 486 108 499 116 379 382 85
31 385 270 277 217 153 90 294 168 431 48 67 200 73 208 466 341 473 474 231 380 362 238 118 361 251 124 490 127
32 256 406 390 391 266 154 284 90 160 37 429 48 305 59 61 461 469 217 218 348 352 354 99 489 490 495
33 389 268 269 143 273 324 290 40 173 176 434 51 442 448 195 452 71 205 334 338 339 343 88 346 354 106 296 119
34 129 393 408 416 162 420 422 168 173 304 179 62 63 322 452 458 80 465 87 345 478 95 100 485 358 104 367 112 190 123
35 132 390 266 269 142 144 151 282 156 161 36 295 427 58 394 198 289 80 465 343 475 92 314 224 485 492 496 244 247 120 255
36 320 139 400 421 92 174 179 54 448 330 81 211 340 86 346 219 348 477 222 144 355 107 243 372 118 383
37 384 385 260 391 271 295 455 430 308 316 449 197 71 72 329 288 339 216 90 482 99 100 119 383 253 255
38 263 394 403 150 279 290 167 306 303 432 178 179 437 441 188 318 319 418 78 470 348 225 354 99 106 402 63
39 135 265 266 403 110 159 289 293 296 432 433 202 316 61 67 69 330 76 334 142 214 344 227 488 494 232 371 117 383
40 128 385 386 137 141 276 283 413 422 425 443 69 454 73 458 342 474 223 480 482 100 486 361 490 235 494 113 114 377
41 133 277 160 289 45 221 177 50 437 311 312 446 64 195 196 457 76 248 90 91 349 356 487 232 236 366 371 120 378
42 259 260 149 325 416 294 53 310 56 442 191 322 267 69 201 458 207 90 475 349 222 351 105 110 374 361 250 253
43 257 406 139 399 148 278 409 282 156 285 419 292 426 44 303 434 64 196 453 73 336 465 482 103 491 497 499 123
44 130 132 135 267 153 157 414 290 177 437 311 445 322 323 418 209 82 84 347 359 106 366 367 117 249 250 379
45 145 413 163 424 299 176 312 314 188 190 320 450 195 453 454 200 204 202 460 464 82 86 401 108 493 118
46 393 140 141 142 273 411 325 289 300 174 433 185 352 323 453 225 72 333 209 211 218 96 97 99 487 235 126 264
47 133 266 140 401 275 158 389 162 295 297 171 440 441 317 320 198 327 460 92 221 222 356 357 230 498 243 425
48 395 141 270 145 285 219 52 53 56 314 479 318 447 448 66 195 329 79 338 463 348 223 227 110 373
49 129 262 109 401 407 154 291 167 432 436 184 323 324 197 327 465 211 470 90 222 97 98 358 487 104 235 492 237 374 381
50 213 131 415 396 144 427 159 165 299 175 436 182 186 443 201 76 465 341 217 349 224 226 355 486 371 120 469
51 386 284 90 416 289 157 305 56 60 319 448 160 204 81 85 470 89 474 223 232 492 239 497 285 374 255
52 388 392 142 153 160 420 293 303 440 314 188 449 204 80 85 345 218 92 477 224 100 357 231 367 373 247 120 383
53 134 140 399 144 274 403 413 162 165 299 301 433 178 187 445 201 74 77 333 469 99 232 109 497 499 116
54 257 131 263 405 281 129 429 392 181 58 188 319 64 69 209 84 88 90 91 98 483 102 105 367 496 244 468 380
55 259 134 392 394 267 272 148 284 289 169 175 432 438 453 330 203 77 334 464 210 339 342 343 131 103 361 493 494 126
56 386 152 160 161 421 166 436 183 187 193 322 72 457 208 81 212 91 348 93 354 101 276 404 380
57 385 134 408 282 412 161 418 305 303 177 178 309 443 316 318 67 196 200 202 338 467 214 219 222 363 238 114 243 374 380
58 385 196 68 416 171 172 305 315 317 324 328 332 334 209 206 219 101 102 81 233 490 107 108 111 370 255
59 256 268 401 276 405 280 156 289 162 166 167 168 308 310 186 337 345 482 232 238 112 296 121 378 379 124
60 358 263 136 397 279 285 301 157 178 62 65 199 329 337 338 343 91 225 226 356 357 486 210 368 497
61 128 133 146 403 282 414 261 71 300 183 191 64 65 322 455 77 464 416 85 344 363 366 370 375 126
62 300 138 151 413 423 426 172 432 305 190 321 200 201 290 213 349 351 379 228 365 374 119 376 251 254
63 387 260 261 390 392 266 402 131 406 132 160 298 176 435 138 394 327 328 77 87 345 348 104 109 239 242 249 252
64 268 158 419 431 436 185 442 443 457 333 463 469 214 98 486 361 445 251 382 383
65 395 282 292 293 436 184 180 186 318 450 68 69 76 337 467 340 345 221 352 485 188 496 245 377 250
66 260 389 163 497 173 174 184 186 68 97 328 73 205 337 291 85 342 220 477 480 353 465 363 239 241 498 373 246
67 384 274 149 406 408 159 291 421 172 305 331 79 313 216 473 347 480 104 489 234 107 240 121 362 255
68 128 262 266 152 415 419 165 172 301 315 445 192 451 72 330 462 207 336 291 471 216 357 106 496 248 382
69 385 321 142 410 411 412 416 71 439 316 320 195 97 329 462 471 218 94 353 368 115 247 120
70 470 390 396 404 414 161 162 419 295 424 170 171 173 178 184 185 318 452 199 457 465 86 217 353 358 103 115 246 119
71 385 131 279 432 167 171 304 73 184 189 321 332 331 460 205 77 469 86 473 485 359 489 118 217 379
72 269 145 402 286 292 167 432 179 438 449 353 205 77 469 342 471 217 351 97 100 103 364 372 122
73 132 263 154 411 412 157 162 428 430 436 441 205 80 81 90 94 224 356 231 105 107 113 127
74 384 146 148 151 408 165 426 428 302 176 309 184 188 321 195 325 198 76 467 213 88 217 481 123 112 243 191
75 403 150 413 418 292 293 172 177 439 440 444 192 453 225 80 82 474 477 95 97 487 233 364 495 369 247 252
76 384 131 390 405 156 288 294 167 298 93 182 453 458 337 211 340 473 221 166 490 235 365 380 253
77 390 138 282 158 368 290 172 305 185 189 447 320 449 198 208 340 215 218 348 95 97 496 212
78 214 393 268 269 143 272 283 417 302 176 177 184 316 452 334 80 466 341 342 472 90 482 102 103 107 496 244 252 255
79 262 403 280 418 422 433 436 182 312 313 315 448 449 464 468 213 216 225 99 232 365 495 121 85
80 388 265 275 165 305 177 182 192 323 455 200 202 466 340 478 97 488 489 243 249
81 390 135 139 147 279 280 159 286 439 185 188 318 448 322 225 354 105 107 237 497 249 447 125 127
82 386 391 138 396 403 151 284 418 292 165 298 263 174 178 441 443 316 198 205 468 89 478 224 113 252 125
83 136 147 404 154 411 413 422 298 172 432 307 185 320 195 458 207 469 87 344 95 101 102 234 241 377 380 85
84 259 133 279 316 281 285 286 423 429 175 309 438 186 188 189 212 350 354 231 360 105 491 236 237 366 375 254
85 140 435 146 419 422 113 170 299 302 304 177 187 194 461 337 212 471 476 93 222 106 497
86 134 138 277 283 282 159 160 454 437 182 441 223 316 323 453 328 459 336 465 421 96 490 364 254
87 139 402 403 430 300 174 176 177 311 190 451 201 209 338 470 218 229 236 109 371 118 249 383 255
88 256 128 267 142 271 145 403 279 156 419 297 427 303 315 202 324 197 455 464 398 227 367 368 241 147 116
89 384 132 261 269 143 279 152 284 414 167 178 436 315 317 191 195 207 343 356 104 364 495 496 241 377 378
90 393 400 150 153 156 412 168 170 173 303 189 210 458 248 338 97 465 492 237 376 253
91 384 272 148 150 280 289 292 166 427 300 307 190 447 449 194 455 460 221 95 97 226 355 485 362 377
92 256 136 395 268 398 147 410 359 183 321 325 454 140 212 470 223 356 357 358 231 488 363 493 104 382
93 134 184 398 143 151 155 312 294 167 427 305 183 444 189 449 199 461 337 468 217 105 492 366 115 376 252
94 259 264 371 407 491 287 432 173 176 179 309 310 439 314 192 452 327 461 335 468 343 186 481 230 107 364 496 499
95 266 140 150 407 284 289 163 420 422 318 321 198 460 470 355 356 489 107 233 376 381
96 128 129 132 261 265 141 404 260 154 155 160 420 433 342 314 193 455 333 463 215 225 230 358 490 108 114 249 380
97 393 268 400 147 197 169 426 178 179 190 198 330 219 352 359 275 252
98 134 395 396 141 270 323 279 111 286 283 294 199 321 327 457 203 210 216 354 239 498 499 495 246 383
99 107 136 274 403 151 409 287 289 295 428 183 321 208 337 342 473 486 491 241 114 373 122
100 131 133 287 290 164 425 429 439 445 446 447 463 465 210 345 335 477 480 355 123
101 261 137 398 409 415 418 164 423 299 447 320 202 459 162 206 337 214 344 223 224 484 235 493 238 378 381
102 385 386 390 277 279 159 161 166 169 299 177 196 453 338 216 473 218 349 442 310 211 244 246 376 252
103 133 134 392 274 403 149 280 171 428 174 312 196 325 326 202 331 213 215 216 108 243 120 121 250 125
104 268 145 403 159 291 293 170 302 182 185 442 191 197 329 330 340 215 473 348 186 237 217
105 259 133 390 398 274 179 410 414 262 300 435 312 188 324 463 218 335 223 358 487 240 468 378
106 268 196 282 293 296 170 303 307 308 309 314 320 322 464 223 360 234 363 111 424 123 124 254 255
107 269 157 159 163 166 170 429 178 182 439 442 448 327 205 227 341 346 358 488 368 211
108 320 130 391 258 152 157 293 169 174 303 310 443 444 192 450 198 464 216 347 359 237 110 125
109 130 132 142 144 146 148 278 281 285 289 163 166 311 321 194 454 328 330 222 479 483 360 240 373 375 254
110 258 259 148 279 411 413 155 164 294 431 433 184 191 192 325 328 332 467 216 478 225 363 200 253
111 258 391 392 265 395 144 283 285 288 418 181 310 316 309 139 327 329 205 462 336 217 349 222 495 252
112 257 259 271 282 145 403 148 278 410 154 180 309 443 321 453 473 346 348 235 367 241 116 247 127
113 259 263 394 271 400 151 281 155 159 423 456 435 311 200 333 208 341 345 479 361 239 121 383
114 389 135 396 142 399 151 152 281 154 159 160 420 424 306 313 314 449 323 453 331 462 336 360 490 488
115 386 264 393 146 275 413 162 291 293 425 221 328 191 320 456 329 210 482 485 489 402 498 119 121
116 261 134 137 279 155 159 416 368 293 422 423 424 426 174 313 316 309 321 463 467 219 228 234 167 364 499
117 136 271 404 163 292 422 296 169 175 307 186 203 200 459 206 467 341 225 483 357 365 496 246 380
118 214 371 402 278 158 179 286 440 313 317 245 193 450 463 470 476 221 359 364 274 414 243 373 377
119 128 129 134 280 152 154 159 297 303 181 324 457 335 336 224 486 487 490 237 496 499 234 383
120 259 391 399 146 403 148 410 284 419 445 318 449 199 333 334 343 475 358 236 169 121 252 125
121 387 261 407 281 417 165 296 297 320 195 197 331 218 222 225 228 486 370 375 249 250 255
122 129 171 262 395 396 274 195 159 416 419 427 498 305 315 267 326 204 207 340 343 219 356 237 494 242 374 124
123 262 265 405 152 424 428 173 303 172 190 451 203 210 212 446 222 358 488 234 363 373 374
124 258 135 267 145 259 410 293 236 324 207 209 466 467 470 471 220 479 353 356 229 492 237 496 253
125 128 385 131 260 403 153 294 432 307 437 186 446 181 450 348 351 356 259 231 240 374 252
126 388 264 397 276 150 289 164 422 423 309 440 190 319 193 312 479 483 496 499 244 378 380
127 259 388 392 406 368 168 220 430 177 178 308 186 315 316 320 324 205 343 219 476 378 482 493 498 250
128 133 394 140 270 344 146 148 149 408 413 135 431 192 451 452 198 222 168 285 376 277
129 384 386 267 144 275 149 287 172 430 434 309 312 443 322 325 335 472 346 400 232 367 241 380
130 385 132 261 492 396 288 419 165 427 175 183 192 195 325 328 329 332 339 215 472 218 421 224 367 378
131 133 139 275 173 430 437 443 316 321 197 329 339 350 479 488 363 365 467 255
132 393 164 168 430 175 328 191 321 326 327 200 201 330 332 344 420 346 484 245 376 250
133 389 392 269 401 402 405 491 159 420 264 442 464 472 164 336 227 485 363 375 252
134 470 135 137 399 416 417 294 184 314 458 460 208 467 216 222 488 489 240 369 372
135 387 397 495 380 367 416 411 179 191 195 327 328 458 335 466 473 219 229 232 233 323 239 383
136 256 262 263 281 409 156 417 421 427 304 183 321 454 455 461 206 213 478 485 488 489 242 245 249
137 384 391 144 277 152 164 421 166 295 171 200 311 187 324 456 329 212 345 218 224 315 486 495 383
138 260 398 143 150 408 156 163 292 176 433 308 183 185 315 448 328 477 224 359 360 235 497 319
139 258 262 265 270 273 277 278 411 156 289 422 423 426 305 191 449 334 208 473 488 364 496 498 255
140 257 141 280 276 279 408 367 168 429 447 324 464 477 482 236 365 238 239 498 381
141 259 393 266 279 283 157 287 291 421 167 300 304 181 265 364 316 437 268 344 224 485 231 236 376
142 394 271 401 148 151 422 297 172 176 441 314 324 199 458 209 355 229 361 492 367 169 249
143 256 395 146 149 406 426 188 449 326 332 333 212 334 344 352 354 488 235 367 497 373 250 382
144 256 365 273 279 288 293 422 302 175 435 310 450 324 204 481 486 358 234 366 254
145 257 265 268 400 472 496 292 296 428 173 433 310 186 192 330 219 353 484 247 376 250 254
146 262 264 265 397 280 284 293 297 429 435 308 273 194 199 472 227 231 490 372
147 386 397 404 238 152 410 313 187 188 394 450 195 197 207 481 337 233 235 366 367 247
148 386 389 394 396 271 292 165 299 172 433 308 317 318 457 213 221 358 239 373 381
149 323 285 325 291 425 428 200 180 446 320 453 326 456 464 467 342 472 220 477 228 364 494 496 251
150 243 272 274 283 163 296 304 307 182 442 479 193 194 203 200 208 212 472 314 364 241 371
151 260 263 435 406 158 290 295 168 170 429 307 442 190 451 457 203 348 354 466 249
152 395 401 405 412 295 177 310 186 187 450 330 333 440 210 341 215 347 220 489 403 253 382
153 395 400 402 286 161 163 326 190 195 196 198 333 211 220 480 272 489 492 366 242 382
154 449 267 278 280 409 290 304 182 315 189 319 192 224 323 325 465 339 468 488 363 240 377
155 256 272 404 494 411 413 161 164 300 429 221 439 313 187 444 192 459 333 206 464 479 363 492 477
156 257 258 299 269 399 274 303 218 426 175 447 194 326 201 333 335 469 347 341
157 266 396 271 274 282 158 163 299 305 492 286 443 317 325 333 397 479 226 355 236
158 391 268 482 275 276 277 409 410 284 159 169 430 194 196 462 344 481 354 229 358 361 236
159 389 412 306 311 313 331 464 476 250 360 489 234 371 254
160 179 277 305 297 177 180 186 189 446 199 456 207 465 213 185 169 490 191
161 262 454 423 424 434 430 175 305 178 187 189 193 209 338 214 476 221 351 483 358 306 369
162 273 406 414 295 170 300 172 438 440 194 310 464 350 351 225 241 382
163 386 264 267 194 420 423 425 243 245 195 355 226 227 230 362 494 497 211 380
164 385 259 366 290 347 306 310 448 457 205 208 212 469 271 226 490 244 213
165 258 263 270 415 447 450 452 460 386 339 216 349 481 357 361 191 245 319 252 254
166 391 274 275 292 430 308 444 317 449 450 204 209 349 223 229 232 234 236 493 494 189 497
167 385 263 269 435 310 192 224 194 195 204 343 352 487 365 246
168 256 259 261 391 267 281 283 292 172 441 196 461 467 472 475 478 353 357 231 243 251
169 262 266 395 280 281 309 315 451 457 207 210 221 478 481 355 229 338 241 383
170 274 284 346 299 430 371 184 317 331 461 468 485 229 358 231 495 499 373 374 254
171 397 419 294 305 181 311 185 317 448 194 329 183 332 207 465 467 212 225 482 364 499
172 403 415 294 306 436 440 315 192 208 210 472 217 219 239 372 190 253
173 343 293 297 451 325 417 418 207 209 471 217 395 352 354 484 485 239 372 376
174 388 261 393 275 407 477 306 440 325 327 219 349 479 354 228 365 245 376 382
175 401 405 413 299 178 334 309 316 323 324 417 332 206 213 217 351 486 494 243
176 257 389 390 394 412 414 428 307 183 203 460 338 344 356 369 249 253
177 257 258 391 402 407 412 415 292 427 435 191 211 474 351 354 362 365
178 268 269 289 193 452 335 212 348 356 359 259 491 236 370 375 254
179 385 388 389 300 400 277 255 314 199 336 347 481 227 225 367 499 383 253 405
180 390 397 271 401 412 298 432 306 188 446 198 208 210 213 215 350 336 483 229 360 365 272 375 341
181 401 403 412 298 306 309 311 442 316 189 328 461 334 335 208 344 218 348 350 273 233 366 371 245
182 257 270 284 413 422 308 183 333 206 211 341 345 481 226 361 367 498 247 376
183 387 476 301 349 186 190 332 205 206 333 312 347 478 228 485 489 234 368
184 396 272 406 415 301 221 432 185 315 452 197 461 208 340 344 370 373
185 264 396 278 407 408 437 446 454 457 460 461 469 343 347 223 355 488 252
186 261 395 414 287 297 435 195 205 340 347 349 235 498 377 251 252
187 268 276 405 279 282 293 310 441 189 190 448 201 205 468 475 477 479 480 491 446 340
188 388 261 407 298 432 414 439 203 466 339 345 350 226 361 254
189 256 386 291 441 316 322 452 326 332 206 337 214 345 226 209 239 368 380
190 392 400 275 288 436 191 452 418 217 477 481 364 319 253 382
191 270 407 412 431 309 447 395 336 350 351 489 364 365 240 248
192 236 275 404 406 302 197 481 355 232 235 369 370 245
193 449 265 400 281 411 285 423 193 428 445 224 202 203 462 339 352 372 251
194 256 405 292 421 430 431 219 316 205 210 350 480 483 485 358 362 243
195 267 408 280 418 454 294 307 197 198 419 212 229 242
196 263 396 347 297 298 315 328 202 208 340 475 351 488 491 492 370 380
197 405 410 291 296 438 447 452 326 206 337 338 354 230 361 491 237 380
198 385 258 264 393 278 408 414 298 454 462 216 351 483 230 364 248 381
199 256 307 397 400 402 418 420 425 436 437 317 456 329 337 341 222 234 238 370
200 386 387 267 404 416 293 311 373 245 353 466 217 219 225 484 229 242 377
201 256 395 271 290 294 302 304 310 440 444 469 342 476 221 224 357 231 490 363 242 252
202 392 269 270 451 414 419 299 447 322 323 455 464 473 474 219 357 228 490 364 375
203 265 397 406 282 291 303 373 458 335 348 355 444 364 493 495 240 241 242
204 387 264 265 398 278 279 415 423 296 447 453 211 487 488 490 493 498 242 499
205 384 486 394 401 402 265 455 313 319 325 208 228 485 230
206 385 387 260 397 296 448 459 208 212 215 474 478 352 482 377 383
207 384 262 473 305 302 433 478 448 451 343 442 222 480 252 239 499 245
208 290 268 418 369 317 463 211 212 218 349 382
209 491 388 270 272 282 437 439 325 467 212 474 476 227 360 234 363 367 376
210 258 265 402 405 281 288 420 307 318 330 354 211 222 230 358 239 375
211 272 281 408 414 287 348 303 440 442 215 220 352 354 357 368 374
212 264 403 405 408 426 302 321 327 214 215 491 492
213 384 257 398 411 284 421 300 443 320 449 460 475 404 235 245 276
214 278 279 280 414 415 417 304 443 323 331 466 215 478 482 484 229 492 366 370 376
215 399 273 282 412 286 421 294 432 318 352 329 330 280 349 478 244 375
216 392 414 291 295 296 300 436 439 475 455 219 477 232 367 240 360 378
217 256 387 269 259 411 430 452 456 463 336 466 473 347 493 383
218 259 267 398 415 457 333 470 344 474 490 365 246 248
219 384 266 398 405 427 309 335 339 473 348 222 355 358 375
220 388 390 263 393 394 413 292 425 427 302 451 326 463 336 342 474 352 357 233 242 255
221 258 392 393 273 409 475 428 429 329 440 466 479 355 229 332 460 381
222 393 398 281 302 320 441 462 343 490 387 368 251
223 258 397 411 289 310 331 465 313 228 487 233 375 376 249
224 272 280 295 297 302 447 327 354 234 369
225 398 274 287 450 323 456 344 335 359 492 241 245
226 392 394 412 306 448 454 327 271 339 399 469 347 350 227 230 366 499 372 379
227 268 400 273 280 411 416 422 423 302 306 436 459 462 339 353 488 361 368 369 242 244
228 384 262 269 423 433 308 310 445 448 328 459 469 471 346 355 358 371 430 255 341
229 278 417 430 438 313 442 448 458 462 345 353 357 494 240 376
230 384 260 392 289 295 302 304 435 457 337 349 483 356 492 372 251 252 255
231 256 388 273 300 457 321 326 328 459 335 475 476 354 491 237 240 371
232 389 400 273 410 417 296 298 304 435 437 457 464 476 236 494 240 372 377
233 256 257 266 398 407 285 286 305 311 319 472 347 482 315 485 362 366 241
234 260 278 283 422 297 427 301 302 308 321 464 470 251 363 495 242
235 257 266 332 458 465 466 271 478 484 370 371 245 374 341
236 395 277 283 420 301 442 443 320 332 338 480 245 297 253
237 328 389 263 265 325 292 429 440 322 454 456 459 348 480 353 240 498 373
238 257 277 279 411 284 288 417 295 296 302 308 439 322 461 334 470 346 478 352 491 495 380
239 387 388 390 269 283 413 426 301 302 305 308 323 455 341 492 366 371
240 402 431 412 282 303 434 442 317 328 334 353 356 486 371 253
241 258 264 400 345 416 304 454 327 331 460 336 359 360 377 382
242 258 266 395 400 402 429 307 394 343 341 377 473 445 497 242 249
243 264 393 272 325 288 302 311 314 446 455 334 356 485 246 276
244 391 399 273 275 407 286 427 301 304 308 440 330 331 335 472 348 352 486 361 377
245 448 492 394 406 411 285 322 467 472 477 350 351 485 488 249
246 392 272 430 474 287 417 422 424 298 302 307 317 451 457 458 337 338 467 472 372 247
247 387 388 401 406 413 286 438 313 447 448 450 323 336 484 354 356 363 370 378
248 387 265 397 275 419 294 426 300 429 432 434 310 450 459 464 356 484 364 382
249 397 270 399 286 287 291 297 434 308 352 450 453 338 342 378
250 271 401 276 406 415 423 301 435 453 460 468 471 499 379 298
251 386 387 389 391 403 280 284 420 426 306 436 344 475 353 355 356 252
252 391 403 277 423 427 303 432 467 253
253 392 300 272 401 287 429 438 329 310 460 463 465 471 473 351
254 384 256 258 391 269 406 475 452 453 336 291 343 347 357 491 379
255 384 264 386 275 430 295 302 392 436 466 462 369 381
256 386 405 285 414 415 420 307 439 318 452 347 355 498
257 406 495 290 291 445 481 466 471 345 478 400 365 367 368 375 379
258 451 431 311 440 461 483 344 345 355 379 381
259 384 409 303 416 496 429 302 431 433 288 499
260 390 395 396 401 287 424 312 445 458 338 342 293 487 491 372 374 298
261 387 265 267 401 406 286 295 301 434 438 322 457 459 474 399 365 379
262 393 324 410 414 422 439 330 345 356 490 274 368 374 380
263 276 278 282 417 290 291 431 440 451 438 337 476 360 496 369
264 385 391 265 399 273 402 421 299 438 440 317 461 354 362 375
265 276 283 296 327 461 465 498
266 399 475 409 423 370 439 313 351 444 318 455 441 348 485 446
267 271 281 282 424 430 314 326 455 439 419 475 352 484 360 375
268 324 287 296 286 317 452 326 329 459 461 338 483 476
269 385 397 400 401 416 452 328 483 367 498 371 381
270 385 398 406 289 311 458 439 336 351 352 353 484 445 374 382
271 389 400 402 309 312 328 336 473 346 347 484 487 498
272 388 393 395 287 288 294 313 450 339 338 346 476 492 365
273 389 401 275 419 422 306 436 459 465 476 478 484 357 489 369
274 384 418 304 328 460 461 336 339 340 349 362 363 378 379
275 384 400 410 304 322 454 455 332 467 494 379
276 397 404 277 410 298 299 302 371 436 437 439 313 316 450 330 468 490 381
277 435 401 293 295 433 441 314 320 321 334 467 346 485 486 381
278 435 400 402 279 282 287 301 305 307 436 437 315 333 472 345 480 492
279 388 291 307 325 326 396 458 331 341 355
280 397 409 347 294 445 448 456 331 474 487 498 373
281 413 290 390 424 302 437 324 454 344 482 358 360 362 425
282 388 412 368 449 322 342 479 362 375 377
283 402 415 291 294 305 434 479 320 334 345 346 475 349 351 352 355 366
284 386 389 410 422 423 437 351 323 325 454 350 379 485 491 426
285 388 399 405 295 426 477 434 318 328 334 349 483 369 375 379
286 444 405 413 420 306 437 440 316 323 455 486 491 378 380 381
287 389 392 409 410 291 294 300 438 313 326 481 457 351 358
288 389 420 429 308 439 456 460 463 318 470 354 483 366 368 369 373 374
289 400 291 306 438 440 445 453 462 340 342 343 477 371 381
290 393 394 407 391 429 303 446 451 335 337 340 473 487 382
291 395 295 297 438 315 451 417 480 357 378
292 386 392 428 303 312 449 459 355 358 487 495 370
293 385 415 419 312 448 329 330 336 483 365 374 377 380
294 391 494 408 418 299 318 354 337 345 359 495 379
295 396 402 331 460 337 339 468 347 367 369
296 398 408 418 438 448 360 323 328 458 464 345 482 488 496
297 393 401 430 323 327 341 361 491 367 496 382
298 401 408 423 425 430 319 320 449 322 334 475 355 484
299 422 392 429 411 311 445 447 456 470 343 363 493 367 381
300 388 390 307 395 406 435 315 323 325 335 478 494 489
301 396 399 405 407 429 302 431 306 308 372 442 443 316 480 481
302 306 480 325 456 460 334
303 387 394 399 411 421 447 322 332 470 495
304 407 345 420 427 438 318 449 454 329 469 473 474 479 492 494
305 432 450 461 467 488 491 361
306 399 415 424 429 433 325 462 346 496 498 372 405
307 390 415 424 425 431 434 435 309 315 322 363
308 394 399 409 417 315 321 465 473 477 363
309 392 412 423 433 318 325 457 459 346 374
310 384 389 410 411 350 332 333 469 354 361 373
311 424 426 434 442 449 451 331 461 340 470 348 496 378
312 390 404 496 316 451 459 336 344 481 487 367 368 377 379 380
313 387 425 434 437 438 440 467 474 490 497
314 387 417 423 428 478 454 460 336 351 488 368 378
315 384 427 433 480 489 370
316 384 399 415 416 448 452 348 491 499
317 384 435 445 457 461 340 470 477 484 486 363 373 382
318 407 404 456 351 480 481 489 493 495
319 387 392 404 414 429 441 446 455 457 461 468 469 357 487 376
320 416 444 446 465 343 474 483 497 382
321 493 419 449 334 463 337 467 343 371
322 403 423 424 438 448 326 469 487 361 496
323 407 415 446 453 455 472 477 359 497 499
324 387 415 432 455 458 465 338 471 351 483 368
325 396 398 399 421 328 482 362
326 398 441 443 450 458 337 340 344 483
327 386 363 404 408 422 434 440 442 456 331 332 395
328 400 431 353 359 377
329 421 447 450 331 464 341 362 381
330 388 406 411 433 444 390 459 462 334 350 483 484 494
331 455 498 442 447 458 463 475 476 488 373 374
332 384 385 364 404 432 433 440 444 463 360 377
333 385 406 390 407 398 335 340 343 366 370 382
334 396 416 423 443 448 341 471 474 489
335 394 429 372 443 461 340 441 365 371 383
336 386 418 349 364 374 447
337 410 424 349 458 466 344 350 358 493
338 397 404 417 420 430 464 365 377 383
339 392 449 435 343 352 356 490 493 366 376 381 382
340 396 454 453 463 347 349 353 362 379
341 392 437 447 464 478 494 382
342 398 425 428 350 443 444 461 463 473 474 478 353 372 376
343 394 397 428 456 487 372 379
344 389 418 421 425 438 442 356 493 372
345 419 425 426 475 484 359
346 392 388 415 348 428 441 467 356 476 481 499 373
347 386 421 429 432 444 462 480 488 360
348 409 397 408 460 461 370
349 399 420 428 451 454 475 359 364 493
350 425 435 394 463 473 475 476 479 487 360 498
351 405 444 474 488 489 490 379
352 389 409 414 415 436 457 478 381
353 395 401 406 407 416 413 452 481 486 497
354 384 424 371 465 468 499 375
355 414 445 454 468 379 489
356 402 412 428 431 453 492 378
357 392 409 417 426 447 469 361 362 497 467 379 383
358 450 409 459 488 369
359 402 415 417 436 444 457 462 483 366 495 404
360 394 418 436 437 451 456 361 496 372 376 468
361 403 423 426 458 465 480 482 485 364 382
362 404 407 412 417 432 435 450 452 470 484
363 420 442 447 460 472 475 482 379
364 387 395 398 399 425 476 489 497
365 388 425 427 489 423 492 493 368 374 375 376
366 386 412 444 437 459 463 481 492 369
367 426 497 403
368 393 405 413 421 434 484 370 373
369 404 409 390 455 458 481 495 497
370 476 416 419 425 433 456 498 374
371 390 395 411 424 437 463 383
372 393 415 421 462 463 478 489
373 385 438 458 466 477 479 480 404
374 398 421 424 425 446 453 487
375 406 415 421 423 429 441 442 444 467 469 498
376 399 420 477 440 445 454 490 491 379
377 416 434 436 438 424 472 421 481
378 398 417 452 458 470 489 497 383
379 485 443 495
380 394 425 429 432 435 454 461 468 496 385
381 391 400 408 434 442 446 464 471 480 486 382
382 423 435 471 482
383 389 428 437 448 475
384 396 399 468 493 451
385 406 412 413 477 494
386 391 410 456 434 475 466
387 398 400 404 407 437 441 446
388 391 393 412 426 448 466 467 471 472
389 405 416 460 466 474 491 497
390 392 408 417 426 433 451 453 440
391 441 451 459 460 465 476 480 482 499
392 416 496
393 410 496 430 431 435 443 487
394 432 439 443 444 456 466 483
395 411 430 447 453 473
396 435 439 459 483 486
397 424 445 447 453 459 462 489 402
398 421 437 438 446 485 496
399 410 433 455 458 470
400 424 437 449 451 480 401
401 429 443 489 492 495
402 425 439 446 472 473 479
403 441 446 449 494
404 449 455 463 482 466 495
405 409 411 420 433 445 487 490 466
406 409 432 433 459 493
407 418 411 420 427 428 461 476 491
408 413 418 428 439 446 469 487
409 410 427 421 426 431 438 443 483 475 482 499
410 417 414 446 437 471 475 482
411 472 486 487
412 474 430 444 459 470
413 421 427 428 441 453 474 484
414 429 434 455 462 469 477 486 497
415 450 460 466 468 478 494
416 420 425 469
417 494 420 422 438 495
418 435 436 465 474 487
419 428 438 453 456 481 486 494
420 492 432 437 444 476
421 432 456 479 481
422 429 441 444 451 458 460
423 442 494
424 442 462 465 479 482
425 430 464 467 477 485
426 432 435 438 445 462 466
427 429 455 463 483 486 495
428 431 455 471 481 491 498
429 472
430 434 457 474 486 494
431 448 433 471 481 482 483 490
432 463 477 493
433 434 466 479 445
434 454 467 469 475 487
435 438 443 459
436 449 458 470
437 443 450
438 445
439 460 472 484 499
440 462 479 491 477
441 474 488
442 443 447 463
443 454 465
444 451 450 452 473 481 484
445 470 472 476 483 494
446 463 468 478 484 491 494
447 450 462 471
448 450 451
449 456 468
450 471 476 499
451 456 493
452 465 470 491 497
453 468 455 462 489 492
454 470 469 485 494
455 459 480
456 457 474 478 487
457 463 467 468 478
458 488
459 469 489
460 484
461 468 471
462 478 467 481
463 475 497
464 490 476 482
465 471
466 468 469 495
467
468 472
469 472 473 479
470 497
471 484 475 489
472 480 483
473 481 499
474 494 498
475
476 480 498
477 479 486 496
478 480 482 483 489
479 487
480 493 491
481 488
482 483
483
484 486 493
485 497
486
487 497
488 492
489
490 493 498
491 493
492 493
493
494 496
495 498
496
497
498
499
