#build_topology.py 100 15 cluster_global 0.01
# GMT Fri Apr 26 02:15:02 2019
# 
0 96 65 98 3 68 74 40 42 76 78 47 8 19 52 87 61
1 32 87 4 37 41 43 12 82 35 23 90 61 62
2 99 36 37 6 8 46 81 18 20 14 56 4 58
3 64 5 38 33 41 14 81 18 51 52 85 28 29
4 97 5 51 71 42 39 46 18 19 23 61 69
5 65 34 35 37 73 42 14 79 51 52 23 24 9 95 31
6 96 75 11 76 48 88 19 85 54 23 24 25 27 94 30 31
7 96 65 66 68 70 12 44 45 77 60 26 28 29 63
8 99 38 71 74 34 78 94 86 88 91 92 93 62 95
9 32 36 72 12 55 44 79 81 82 51 25 23 89 29 63
10 96 65 33 71 73 75 45 14 48 83 52 54 23 39 90
11 69 17 72 75 13 18 61 40 82 89 90 38 58 31
12 99 37 70 73 42 44 14 18 84 21 56 74
13 32 33 34 69 70 64 43 82 83 84 56 59 92 19
14 32 39 72 77 78 50 67 88 93 37
15 96 34 70 73 43 76 47 80 50 83 20 41 87 26 63
16 65 99 37 72 73 45 78 17 67 85 40 57 91 30 95
17 64 32 68 86 72 43 47 50 54 24 28 93 63
18 28 42 47 79 85 87 24 25 91 60
19 69 72 42 43 47 80 20 23 90 31 95
20 97 98 72 41 66 49 82 86 73 58 79 30
21 64 51 35 26 96 23 82 99 87 25 90 27 61 62
22 64 59 71 73 75 77 48 50 53 88 57 91 30 63
23 36 44 45 51 53 55 92 30
24 70 49 41 71 48 94 57 89 29 30 69
25 96 33 38 97 72 41 42 48 81 93 94
26 96 35 70 71 80 27 83 54 56 91 30
27 34 35 36 76 77 49 50 83 87 89 94 95
28 98 82 72 50 51 84 85 52 92 61 30
29 96 65 66 69 72 75 76 50 55 56 87 92
30 32 97 67 38 40 78 59
31 66 43 71 76 77 50 84 53 54 89 38
32 66 35 69 38 42 45 94 87 47
33 68 37 42 75 44 83 53 87 57 58 63
34 64 66 67 38 71 40 44 78 51 56 89
35 68 69 81 75 79 49 86 89 63
36 67 68 38 72 45 46 79 52 92 94 63
37 65 45 80 49 46 86 58 94
38 97 42 45 78 52 46
39 64 49 80 73 43 48 81 83 84 57 95
40 97 67 69 74 46 43 82 83 84 87
41 65 71 73 74 45 81 51 88 95
42 70 44 81 52 54
43 98 76 53 56 57 90 60
44 66 69 73 75 45 80 58 62
45 99 75 46 82 69
46 98 99 78 82 51 56 89 58
47 66 68 94 55 59 92 93 62 63
48 86 76 79 83 89 57 54 62
49 91 50 83 52 85 86 84 90 62
50 69 70 60 75 77 88
51 97 84 92 93 53
52 98 68 71 78 84 54
53 98 68 74 76 81 95 58 91 94
54 64 97 67 96 60 94
55 96 65 99 72 74 75 77 93 89 60
56 82 90 78 59 60 93 63
57 70 74 79 62 71 60 93 94
58 97 78 81 82 89 91 95
59 65 98 75 76 77 78 85 62 90 61
60 67 70 71 79 81 85 93
61 96 98 67 75 78 82 93 95
62 66 65 63 74 89 85
63 97 71 84 92
64 66 74 80 68 90 94 95
65 80 70 79 83
66 67 73 84 88 89
67 74 76 87 88 95
68 81 73 75 77 93
69 87 90 92
70 99 77 90 95
71 97 86
72 97 77 90
73 85 86 88
74 78 79 99 92
75 85
76 80 99 81 87
77 96 98 88 89
78 85
79 96 97 82 86
80 97 98 99 86 92 93
81 98 93
82 84
83 97 84 85 88
84 87 91
85 87 88
86 89 90 92
87
88 99 91 92
89
90 95
91 98 99 92 94 95
92
93 95
94 98 99
95
96 98
97
98
99
