#build_topology.py 100 15 cluster_global 0.1
# GMT Fri Apr 26 02:15:22 2019
# 
0 64 97 67 36 40 9 42 13 77 82 20 90 93 31
1 96 59 72 12 74 76 45 27 81 18 54 88 89 58 91
2 66 36 37 70 39 8 11 72 86 57 25 26 61 62
3 32 34 17 38 7 8 10 66 46 49 82 52 55 84 90 91
4 43 17 5 7 72 11 12 13 81 51 84 86 56 54 93 37
5 45 35 69 71 9 42 75 17 82 20 85 93 63
6 64 18 35 68 39 42 75 45 77 43 10 51 86 26 27 29
7 32 65 70 73 74 46 47 51 41 23 25 26 94
8 33 37 72 43 17 67 84 23 90 59 28 61 94
9 65 11 68 51 39 73 75 81 18 31 62 37
10 38 40 60 43 13 50 52 53 88 57 91 92 94
11 64 98 99 70 80 49 84 85 56 88 91 93
12 97 69 15 61 83 20 87 88 36 91 28 37 63
13 33 35 86 65 40 74 76 29 20 54 90 91 28
14 33 71 73 74 75 44 78 17 19 84 86 24 91
15 19 27 40 75 76 47 16 17 83 84 55 57 92 93 63
16 36 70 73 52 21 22 88 79 62 95
17 27 33 39 45 50 55 63 72 75 82 95 97
18 32 35 36 38 97 41 78 48 81 22 87 26 29 31
19 68 37 77 51 84 21 57 63
20 23 24 39 41 44 46 53 64 71 77 79 86 93 96 99
21 97 66 34 98 72 73 44 77 57 41 56 25 54 29 30 69
22 32 80 34 99 36 33 73 79 27 67 58 91 94
23 41 80 50 83 89 71 92 93 31
24 32 33 35 74 78 29 82 83 52 57 47 93 94 31
25 64 73 42 43 44 45 50 83 87 57 61
26 64 33 37 40 39 46 85 38 28 61 63
27 33 97 39 74 45 47 80 90 59 61 31
28 32 96 98 99 68 44 46 52
29 65 98 69 41 78 53 89 58 31 62 63
30 96 97 98 59 65 71 73 63 47 81 52 79 31
31 69 40 79 83 84 53 89 92
32 97 34 77 47 82 83 53 89 60 85 95
33 66 49 71 92 76 40 50 90 60
34 38 40 77 49 67 52 94 89 56 57 58 62
35 65 42 75 44 80 50 83 85 55 58 60
36 99 70 74 77 81 58 63 60 94 95
37 68 75 48 49 82 54 41 88
38 64 72 42 76 45 57 61 62
39 99 86 75 48 58 89 57 90
40 96 91 97 72 44 83 47
41 64 74 43 78 79 49 55 60 93
42 97 92 74 78 79 85 54 59 70
43 65 67 75 48 49 82 51 62 95
44 65 66 99 70 60 46 47 72 86
45 87 77 81 89 90 62 51
46 66 60 92 99 55 57 47 93
47 69 78 51 85 92
48 99 68 70 79 88 75 56 89 91 95
49 97 72 80 55 88 62
50 96 81 87 78 79 54 58 59
51 74 53 87 55 90 92 94 95
52 68 86 77 53 90 85 69
53 80 67 93 61 79 91
54 76 77 69 58 94 62 95
55 67 68 81 75 80 85 86 59
56 65 80 76 77 78 83 85 88 89
57 99 73 83 87 74
58 74 78 80 82 84 86 90
59 65 76 78 83 84 90 95
60 66 99 70 71 73 75 61
61 69 71 82 92 62
62 96 72 78 80 87
63 70 72 84
64 67 68 71 75 76 86 94 95
65 96 68 71 99
66 69 87 76 78 79 93 95
67 70 97 76 81 89 94 95
68 99 71 76 79 85
69 96 98 82 73 88
70 97 95 86 91 93
71 98 74 81 83 93
72 98 80 86 88
73 97 94 77 84 89
74 80 81
75 79
76 80 82 86 94
77 98
78 84 87
79 98 82 91
80
81 98 87 91
82 89 92
83 96 98
84 96 86 88
85 97 87 90
86
87 98 90
88 92 94
89 92
90 94
91
92 99 95
93 96
94 96
95 96
96 98
97
98
99
