#build_topology.py 500 30 local 0.1
# GMT Fri Apr 26 02:41:22 2019
# 
0 132 141 401 280 160 289 290 295 296 427 49 436 187 445 322 327 177 458 207 336 473 474 223 224 357 491 238 112 248 33 252 127
1 384 129 18 21 150 25 35 37 305 424 297 174 48 49 40 56 315 447 325 204 79 336 212 350 225 111 113 372 117 380 381
2 258 145 275 405 23 152 411 167 171 177 54 184 191 193 438 327 356 202 468 85 217 218 480 100 273 107 147 373 247 126
3 384 388 6 11 272 17 402 404 283 28 31 417 34 422 42 43 430 183 244 58 323 460 203 79 314 481 492 496 243 372 120
4 491 13 274 405 150 407 75 284 415 419 294 447 321 195 73 459 336 82 345 478 226 231 488 235 110 495 104 116 245 379 126
5 384 260 134 398 273 132 284 31 417 37 428 456 435 309 440 200 457 77 335 210 83 468 85 473 221 480 361 234 112 369 72 251
6 129 6 385 266 281 155 325 165 426 175 48 498 311 184 59 191 65 195 197 199 80 212 473 90 230 488 238 368 241 114
7 266 139 398 15 16 401 152 158 34 35 165 49 179 57 316 61 447 69 329 468 469 143 314 246 357 102 374 378 123 125
8 258 262 264 394 274 410 156 157 298 498 430 50 52 309 181 452 325 198 75 474 26 95 226 102 234 306 364 495 242 243 120 379 255
9 261 393 271 25 153 32 33 37 167 437 265 440 185 315 316 191 320 417 334 208 345 346 15 352 233 363 493 238 244 89 249 124
10 386 260 278 151 145 276 22 279 284 161 303 316 194 74 335 84 214 224 225 226 484 17 490 363 109 497 498 119 106
11 264 265 266 398 147 278 25 410 283 413 30 163 424 171 302 310 184 53 64 321 202 331 207 466 478 484 232 237 378 63
12 384 387 397 151 152 409 154 474 32 170 44 48 306 179 310 319 182 457 202 269 468 345 346 475 349 485 233 369 89 191 252
13 385 401 404 22 388 495 295 42 430 47 304 51 442 187 316 193 69 456 247 78 80 340 479 315 490 367 371 244 375 250
14 389 264 281 29 416 48 162 172 176 433 52 56 60 71 200 75 205 82 84 343 346 250 478 483 484 33 102 362 374 122 381
15 257 263 138 146 406 23 408 154 411 156 29 36 294 301 309 393 372 61 195 453 326 459 463 466 224 357 231 244 119 382
16 386 390 136 393 143 147 154 418 35 349 432 307 308 438 316 318 196 216 399 222 483 485 360 493 494 114 373 247 248 125
17 192 390 24 414 416 417 262 166 112 176 49 286 438 312 186 448 68 453 326 33 332 335 463 349 355 111 240 245 122 252
18 427 269 273 18 147 238 406 23 25 27 420 171 178 182 316 445 70 72 472 91 100 487 231 365 494 378 127 124 125 383
19 388 270 147 148 279 282 283 284 168 305 434 182 183 70 200 76 77 84 344 348 222 98 357 358 359 107 364 239 296 243
20 256 328 130 137 27 284 167 305 428 177 182 440 60 62 63 450 326 455 72 330 206 214 483 360 106 491 104 120 122 127
21 131 394 405 27 161 423 299 428 302 433 434 435 53 187 60 445 320 193 322 195 455 457 342 485 103 107 108 494 382 376 254
22 133 394 403 277 278 179 156 285 30 38 51 52 316 245 321 76 462 335 80 471 346 354 236 445 114 117 375 377 123 381
23 386 142 409 26 35 164 38 44 47 49 435 436 184 318 64 449 450 324 203 77 463 84 215 218 487 104 366 212
24 145 267 276 235 33 166 295 168 300 183 186 444 317 446 63 192 456 212 85 473 476 479 353 227 486 103 366 241 380
25 134 135 396 144 276 405 31 168 48 310 185 438 70 462 209 341 470 476 350 483 230 274 496 374 251 381 85
26 387 132 138 151 399 274 159 164 39 168 174 48 307 181 442 437 192 204 80 216 91 221 98 359 104 362 487 113 370 372 119 254
27 257 491 134 192 269 272 448 217 287 416 293 45 477 311 440 442 189 446 319 320 200 55 184 342 89 99 101 107 499
28 128 264 140 398 43 283 154 155 413 288 161 291 42 299 304 440 315 317 193 343 88 219 352 102 233 237 238 239 369 373 121 122
29 260 262 215 400 145 402 404 294 167 173 305 437 311 316 321 67 332 79 468 87 429 92 484 113 498 499 252
30 132 148 346 31 294 177 296 427 242 302 303 305 307 52 437 440 194 324 202 204 464 88 474 94 355 229 233 493 114 248 121 253
31 259 392 278 282 425 426 171 49 308 158 180 317 190 447 67 201 75 84 470 473 346 220 225 492 237 115 118 382
32 130 133 269 143 400 273 393 420 169 302 52 311 444 445 32 194 323 66 326 328 77 466 467 90 478 249 124 254
33 256 263 87 271 407 111 241 199 428 178 434 56 193 68 453 327 201 460 497 343 99 364 238 367 113 114 117
34 130 391 142 408 414 164 37 369 429 431 436 94 55 315 190 199 72 202 333 78 141 81 222 487 105 362 113 371 252 490
35 264 395 403 448 159 288 423 431 178 436 320 267 68 199 78 79 210 83 470 216 93 350 100 232 236 250 124
36 129 139 140 150 415 417 165 170 43 432 181 57 448 71 328 457 79 87 88 93 225 98 102 103 362 107 495 112 42 123 426
37 129 388 147 420 293 436 46 308 182 56 57 314 323 197 70 71 201 459 332 83 37 229 438 492 368 374 378
38 384 385 388 364 144 165 43 429 49 492 180 265 436 202 65 195 325 330 77 464 214 482 101 358 360 236 248 255
39 256 257 129 140 146 414 164 165 425 429 49 53 55 443 60 199 72 78 337 469 480 97 104 361 366 111 481 253 254
40 132 269 410 284 157 432 419 165 298 304 307 318 321 324 327 458 331 334 466 471 89 355 368 113 370 248 249 122 123
41 128 65 145 146 403 277 414 166 167 298 299 44 305 306 286 185 444 193 450 77 465 339 477 224 229 488 108 274 245 121 125
42 130 134 265 147 148 151 280 413 285 432 49 53 189 192 455 457 461 462 82 83 88 228 233 235 241 84 252 381
43 134 266 400 278 151 286 420 421 424 426 173 305 312 441 189 319 322 454 71 329 481 357 105 109 366 353 120 170
44 86 402 404 284 160 289 342 432 52 437 180 58 443 61 446 66 197 457 332 78 340 214 215 92 99 362 118 378
45 363 137 138 141 109 276 406 413 416 419 294 303 432 136 438 312 327 72 458 226 340 87 89 352 481 354 102 358 491 365 118 120
46 129 410 303 158 160 46 175 48 311 440 442 62 63 65 75 324 198 329 203 288 211 344 89 95 361 363 372 245 233 255
47 384 256 387 266 398 289 420 422 431 177 394 194 195 72 74 474 94 354 359 360 235 365 445 497 374 375 122 123
48 139 402 147 413 287 418 50 52 438 59 458 192 197 330 76 205 80 209 483 239 370 116 380
49 258 390 384 165 167 181 54 316 134 437 76 269 91 94 352 226 362 295 146 498 248 378
50 134 263 139 141 410 286 288 161 50 303 306 53 184 313 66 69 459 333 335 469 79 477 231 234 109 241 498 247 252
51 129 266 398 148 149 159 169 301 432 433 51 58 187 62 64 206 335 84 334 472 228 103 235 492 237 494 111 382
52 258 392 267 272 275 151 166 296 428 181 182 312 64 139 196 455 205 210 468 85 214 352 226 366 111 374 376
53 385 299 448 414 169 171 179 54 440 188 445 320 198 202 75 461 465 210 341 100 231 493 251 426
54 256 385 131 449 396 405 152 413 170 173 431 178 58 443 193 67 325 461 90 475 221 479 96 489 111 379 253
55 265 493 402 406 286 160 294 137 440 314 59 444 448 451 68 73 79 470 218 58 350 101 237 368 370 373 378 379
56 386 299 391 271 145 403 405 407 153 162 423 171 305 313 192 323 196 455 329 205 335 81 91 225 492 493 115 116
57 300 148 149 411 158 135 428 180 57 186 191 320 200 204 335 211 469 471 292 91 92 350 356 357 489 490 374 120 447 126
58 388 145 276 279 346 161 418 294 295 302 185 442 443 65 183 205 441 473 218 348 360 364 240 122 254 255
59 128 396 485 419 169 427 437 457 184 442 443 66 325 73 332 85 344 347 95 103 363 112 369 372 117 123 383
60 128 131 136 307 142 279 285 326 297 173 179 185 351 189 446 454 215 92 477 442 231 234 167 364 365 240 115
61 128 386 407 160 418 313 445 62 319 448 194 324 373 458 459 466 85 219 223 358 107 364 210 238 189 117 374
62 394 344 174 278 280 111 156 157 428 189 435 180 186 447 194 456 73 75 469 216 347 94 97 487 489 239 498 246
63 358 401 147 276 279 412 285 168 169 180 438 441 318 196 458 79 337 377 473 220 227 228 229 230 359 103 125 253
64 257 386 388 261 143 146 195 176 305 182 308 193 323 457 330 469 217 474 475 350 482 103 234 240 241 116 252
65 132 270 279 281 282 157 414 262 113 168 301 179 286 312 68 453 201 461 465 341 88 474 349 494 497 255
66 266 142 271 406 280 158 417 295 429 394 186 188 189 446 458 340 469 471 345 90 477 478 479 229 423 445 368 377 379
67 260 262 138 132 99 169 170 307 183 313 394 181 321 202 204 336 81 82 355 218 483 337 110 116 117 374 248 126
68 427 392 145 276 153 416 420 424 171 434 307 315 204 334 469 215 401 489 236 493 242 247 122 251
69 390 142 400 402 164 294 423 425 298 171 300 306 438 313 446 448 196 456 457 75 210 270 96 119 248 377 379 127
70 384 389 264 270 405 154 161 303 306 440 325 202 333 468 342 347 349 165 360 236 109 114 245
71 387 139 141 402 147 148 154 411 155 426 431 307 308 184 187 451 198 73 336 209 467 475 351 102 259 236 127
72 388 265 267 144 148 152 285 414 292 293 177 309 196 325 454 73 331 77 335 230 110 497 250
73 128 269 406 287 161 291 432 437 438 315 188 317 449 338 344 474 478 100 230 231 490 235 496 243 120 250 251 383
74 129 145 402 148 152 175 286 290 475 164 414 185 314 319 181 451 196 326 77 81 377 345 219 351 365 113 242 371 121
75 258 138 274 275 154 163 294 424 478 445 192 323 335 209 340 88 476 94 355 369 250 253
76 257 258 131 139 406 415 418 421 171 433 315 195 328 77 467 470 89 350 293 353 358 83 244 374 376 377 378 252 125
77 410 283 291 420 306 319 452 325 327 464 337 87 346 94 80 226 365 495 380
78 266 270 144 302 407 412 177 456 203 460 337 342 89 474 223 96 98 81 104 106 237 110 120 251 126
79 136 272 387 279 161 165 433 442 318 199 183 205 82 339 87 100 491 493 370 245 251 252 381
80 132 139 271 146 169 308 437 314 321 322 451 325 327 463 87 216 475 95 487 105 367 242 115 372 118
81 88 153 168 301 184 458 200 329 459 460 418 335 468 203 344 473 347 95 227 81 365 239 113 499 372 381
82 256 128 131 390 396 404 407 132 284 292 220 171 300 438 441 450 326 330 332 398 214 481 497 371 170
83 137 139 396 398 143 404 406 154 414 160 295 429 176 310 186 443 190 333 464 344 293 482 187 103 231
84 385 391 393 273 294 129 170 135 301 349 287 183 449 200 462 95 214 93 351 233 499 117 247 376
85 133 403 405 280 287 418 163 298 300 115 180 186 332 162 333 483 341 475 98 99 109 367 371 247
86 389 390 265 139 278 407 413 231 288 417 162 293 167 220 331 208 465 467 340 249 217 218 476 97 226 209 423 492 499 468 251
87 391 301 144 422 157 436 183 188 320 324 417 332 461 211 213 463 349 199 226 104 234 107 239 369
88 128 259 138 407 152 282 415 455 429 176 180 318 191 192 456 330 461 216 230 367 170
89 158 151 414 289 168 303 435 437 187 183 338 217 348 350 482 486 491 492 113 498 371 116 121 254
90 263 399 272 195 149 163 420 422 295 180 438 191 457 463 419 343 101 358 360 490 491 492 368 114
91 260 389 140 147 150 279 281 282 417 292 430 157 307 180 309 317 336 212 92 224 229 238 154 375 376 377
92 259 133 235 152 153 231 475 166 174 433 318 448 206 469 218 476 482 103 360 487 364 111 373 250 123
93 262 394 270 399 145 147 405 418 163 291 432 452 376 339 398 470 356 480 97 228 101 104 238 382 120 123 253 254
94 258 214 394 478 284 413 158 165 431 442 190 437 203 324 120 338 216 220 222 479 372 446 376
95 130 389 270 273 302 283 133 166 167 303 307 442 461 465 338 468 347 220 212 499 245 118 382 127
96 389 263 264 267 142 109 402 174 423 430 221 462 316 446 451 327 211 213 395 349 351 353 362 493 368 247 380 254
97 342 270 401 404 407 155 417 163 420 184 372 453 326 455 333 335 336 467 185 345 348 358 104 495 116 375
98 129 131 132 389 139 141 399 404 282 420 177 157 433 437 188 196 326 330 331 342 349 117 377 253
99 256 342 391 139 150 279 155 161 418 291 172 310 283 313 325 332 336 465 470 345 474 229 366 374 253
100 142 196 410 294 182 439 185 452 458 208 209 467 212 345 207 348 223 353 482 229 485 364 237 378 253
101 386 135 392 266 194 282 298 177 439 184 314 316 320 193 322 197 328 334 462 219 221 226 491 243
102 263 396 401 286 421 295 173 190 201 460 335 210 345 349 350 354 361 490 423 114 332 378 124
103 235 179 272 409 154 413 306 184 189 319 198 465 466 249 472 218 477 485 360 121
104 132 388 395 269 154 287 418 431 179 440 448 435 199 457 334 483 229 233 371 116 380 127
105 384 391 398 275 416 292 424 263 173 314 443 320 451 324 328 202 206 358 487 359 368 498 115 244 374 249 254
106 448 262 267 145 160 167 168 242 176 435 442 187 320 416 334 211 470 484 360 108 238 111 498 115 244 118 383
107 263 266 343 399 272 150 217 284 291 292 180 440 192 451 482 462 476 354 362 241
108 149 129 261 396 277 279 152 413 167 296 176 327 201 331 211 341 472 345 475 220 350 224 356 229 488 363 365 367 240 232 114 383
109 260 407 281 410 240 292 166 298 428 431 442 317 190 192 453 454 202 333 467 227 189 118
110 135 264 396 397 146 148 284 286 415 423 431 312 444 445 318 321 195 203 460 184 489 234 235 112 499 381 382
111 140 398 499 291 427 302 178 309 310 439 180 316 190 462 470 484 356 357 493 115 117 246 120
112 256 259 391 275 154 156 162 295 172 452 453 326 335 344 217 350 227 368 497 243 116 379 124
113 259 388 365 411 284 176 306 371 446 319 456 339 472 347 237 367 119 383
114 388 141 142 430 280 412 157 422 167 299 174 431 180 447 322 328 477 354 484 246 123 380 254
115 386 259 260 141 143 282 283 158 159 304 187 444 202 450 454 330 471 344 219 351 480 363 373 121
116 192 140 473 260 284 414 287 359 299 448 328 268 330 470 219 487 234 231 237 117
117 265 269 145 156 166 297 302 434 308 446 456 201 461 208 478 353 358 241 117 377 378
118 130 137 267 268 277 279 281 415 292 297 433 442 455 456 202 468 481 227 361 496 242 499 247 381
119 385 260 284 157 289 425 181 188 138 191 452 203 271 343 474 347 222 351 353 360 364 366 242 374 169 378 252
120 386 268 258 402 195 404 281 156 421 168 174 303 180 323 333 465 212 476 482 483 241 221 244 253
121 128 263 395 268 404 416 422 391 438 184 329 459 465 472 350 166 487 251 254 383
122 269 271 272 407 324 175 291 170 299 304 190 466 228 484 485 235 492 368 499 377 281
123 384 270 143 149 278 153 495 286 421 167 476 458 337 351 353 484 486 488 490 367 123
124 387 133 282 410 422 424 298 308 448 451 338 211 340 214 473 221 484 359 235 492 496 168 250 127
125 131 389 142 280 285 158 287 420 427 176 182 447 320 453 198 208 466 340 352 484 491 242 243 246 297
126 256 138 268 400 154 288 162 166 295 298 176 201 443 328 457 290 469 350 489 492 238 495 206 361
127 256 393 268 271 144 275 156 414 162 163 168 430 434 445 451 360 459 332 341 353 227 232 381
128 140 279 280 409 285 163 429 180 439 446 191 193 208 210 291 219 226 490 466 372 251
129 270 276 280 415 417 164 297 427 436 182 190 339 213 215 345 223 353 232 363 494 249
130 131 135 393 267 272 403 285 496 423 427 173 157 434 185 232 323 330 218 478 352 356 488 445 240 241 254
131 256 257 390 136 143 145 152 153 412 288 425 176 444 325 454 464 485 361 234 237 367 247 379
132 402 408 412 157 293 429 137 184 186 446 459 199 201 203 339 212 214 216 352 225 369 248
133 263 364 280 415 163 294 424 426 172 179 441 186 315 189 450 323 340 471 346 478 223 236 497 371 373 375 254
134 390 263 137 270 271 274 152 286 164 431 436 188 197 200 248 472 351 359 488 237 367 376
135 148 430 150 415 289 425 170 302 181 310 186 437 196 331 466 341 214 228 484 489 491 492 497 375 251 254
136 328 256 136 141 143 282 161 419 175 177 307 183 185 192 449 200 163 213 313 335 476 351 481 316 367 467 254
137 389 268 146 403 415 290 292 165 427 306 371 180 317 330 342 216 347 348 223 231 362 241 243
138 235 267 140 387 287 169 433 441 446 447 194 327 456 268 460 211 213 342 234 363 369 245 255
139 388 264 140 274 156 418 421 425 309 312 315 316 338 484 363 146 375
140 258 392 401 403 278 417 424 427 441 193 196 456 202 462 340 350 230 363 247 376
141 391 266 270 149 282 413 416 162 297 263 177 186 319 196 457 206 207 338 345 306 492 250
142 387 390 391 143 405 407 283 155 414 325 172 286 312 199 343 471 421 480 354 227 247
143 261 277 152 412 392 308 186 443 195 197 328 202 331 337 474 219 314 187 359 247
144 260 392 267 397 276 388 305 169 173 176 178 151 447 192 471 328 331 470 232 236 244 375 252 382
145 307 435 158 174 305 179 315 316 446 205 469 474 378 351 349 250
146 256 264 275 150 158 292 293 172 430 196 204 210 346 219 367 234 167 495 169
147 402 155 287 199 304 439 440 314 192 267 204 205 293 226 363 495 375 251 381
148 399 273 406 409 162 436 479 201 204 333 206 215 223 226 486 487 236 367 497 382
149 391 393 271 411 285 169 427 429 431 182 265 442 315 326 329 397 464 213 215 473 225 356 380
150 261 391 400 155 160 173 178 309 310 447 320 194 461 208 473 230 231 242 370 245
151 256 395 272 217 410 417 420 297 300 349 318 453 201 339 347 477 223 483 232 211 372 169 378
152 265 386 403 276 160 419 421 296 431 178 437 441 189 209 341 216 355 445 499 248
153 387 410 159 419 298 299 304 433 310 443 319 322 323 198 458 335 354 228 359 381 242 373 249
154 259 404 198 487 299 174 303 442 196 456 332 468 471 216 476 231 477
155 388 273 409 411 413 430 433 441 188 453 326 331 461 465 185 476 477 478 480 359 363 376
156 261 449 190 283 158 421 424 425 298 172 189 181 311 445 330 207 473 238 375 255
157 395 409 412 157 159 416 197 291 164 428 430 306 415 453 326 205 469 487 361 383
158 277 407 422 177 182 185 449 197 198 457 211 470 313 216 345 477 235 244 378
159 391 393 395 270 283 295 299 303 265 312 185 442 441 323 328 204 464 473 224 353 362 497 375
160 261 343 270 289 304 177 180 309 458 329 330 215 475 221 226 356 492 244 251 362
161 390 406 411 418 420 295 188 317 448 464 465 470 472 349 208 228 361 366 246 251 380
162 469 499 292 294 170 306 307 436 441 444 448 397 465 467 342 476 497 243 244 381
163 260 389 237 401 404 405 217 414 174 179 308 317 473 361 494 370 245 374 253
164 258 259 397 398 271 406 283 287 297 173 305 458 446 325 463 337 471 217 346 224 373 252
165 259 271 280 283 312 446 319 451 198 459 208 344 473 236 367 380
166 385 392 266 272 405 280 286 294 299 173 431 188 194 336 482 422 234 378 252
167 269 281 289 426 430 436 181 322 330 331 205 218 351 225 365 380
168 390 409 420 210 428 499 181 314 444 454 336 466 341 479 356 232 493 373 246
169 389 400 286 424 174 178 192 197 327 469 474 222 351 360 236 247 255
170 403 411 300 173 183 188 327 205 340 470 215 472 347 481 487 232 365 244
171 384 387 399 403 196 284 300 185 194 329 208 214 271 477 354 233 242 371 374 377
172 264 397 401 279 261 284 302 431 177 434 445 198 199 202 331 336 355 352 361 365 370 373
173 392 406 239 427 434 314 187 450 195 454 329 465 213 351 495 246 380
174 320 258 396 274 275 278 411 418 413 177 188 448 325 290 342 350 358 377
175 388 397 277 283 419 303 432 312 315 191 360 452 198 199 331 207 208 468 343 478 351 227 232 364 238 240 497
176 395 281 410 298 304 188 322 334 207 342 346 348 485 358 252 490 498 244 380
177 427 403 280 284 291 298 299 439 186 191 324 356 359 365 426
178 403 367 287 294 426 300 242 182 183 320 449 207 464 216 353 361 238 241 498 371 252
179 402 277 407 415 437 186 190 211 212 215 221 227 357 444 365 316 254
180 268 495 417 429 188 193 341 223 480 356 497 381
181 388 263 344 281 413 410 294 317 205 210 216 226 422 236 367 368 497 498 499 250
182 448 277 283 429 432 444 330 332 463 215 472 484 224 489 402 496 403 276
183 390 404 415 303 435 436 192 196 247 466 470 479 352 483 232 363 239 240 241 375
184 299 392 272 231 297 298 300 313 353 201 333 462 206 487 361 494 382
185 296 298 304 435 415 441 287 330 448 200 476 224 364 240 424 251
186 386 268 279 282 283 289 294 301 430 327 397 209 455 361 240
187 256 386 264 276 314 318 196 202 499 206 463 212 469 214 222 492 366 239 242
188 257 259 401 408 409 298 433 441 455 200 332 206 208 227 362 364
189 385 388 214 265 305 314 191 323 453 326 203 337 340 470 474 478 486 488 245
190 272 280 239 198 297 197 326 460 333 461 464 209 210 214 348 221 400 354 235 244 374
191 389 266 395 405 408 286 288 290 292 302 444 318 222 351 483 239 446 380 255
192 397 299 304 264 308 452 464 466 211 342 364 496 246 378
193 385 388 389 392 471 472 423 194 195 218 225 488 493 377 379
194 262 393 275 404 284 413 291 297 456 331 205 288 209 475 476 356 233 369 318 248
195 394 268 404 286 289 308 439 312 442 452 465 340 484 488 371
196 396 275 292 295 425 318 324 454 312 339 349 488 495 242
197 257 273 285 433 439 443 448 325 331 209 345 222 479 352 353 235 368 249 251
198 403 410 416 290 223 444 319 326 328 463 344 218 293 354 485 237
199 392 402 309 446 447 321 451 329 203 470 344 345 476 369 499
200 258 391 399 419 326 263 201 314 351 454 328 457 291 474 479 228 485 232 362 243 255
201 263 396 412 304 439 323 453 455 475 224 483 356 240 379
202 257 406 385 392 273 409 326 202 208 213 471 399 421 495 245 489
203 396 494 301 462 448 204 458 331 332 206 337 475 230 232 233 491 366 240 377
204 260 269 399 278 423 424 274 430 432 450 213 214 221 358 231 359 499 244
205 492 322 402 287 291 301 315 464 312 477 223 488 234 236 368 369
206 258 387 279 401 404 407 291 319 321 322 459 457 464 214 215 346 356 363 366 367 376 254
207 389 393 406 279 427 309 312 316 323 452 325 471 333 465 215 472 220 222 353 354 359 489 362 363 366 247
208 261 391 395 422 476 439 322 458 215 217 346 349 226 488 490 236 368 379
209 389 270 416 454 457 460 269 211 468 348 345 218 220 477 353 359 232 362 493 496 212
210 258 262 278 411 292 423 296 299 455 331 213 349 484 327 495 247
211 261 385 343 280 421 266 320 226 466 467 354 488 493 240 241 370 339 377 252 254
212 261 268 290 421 299 431 436 315 456 332 463 341 215 293 352 381 249
213 387 256 277 417 419 299 300 439 445 452 460 335 464 213 481 355 498 372 246 250
214 388 459 347 220 477 226 229 363 366 370 375 379
215 290 425 301 313 327 464 466 467 234 490 242 244 245 247 249 298
216 396 269 423 430 431 432 435 286 452 338 340 220 484 357 359
217 384 266 395 415 303 439 443 449 325 292 329 466 220 479 227 357 365 497 370 378 255
218 259 342 396 272 409 282 419 296 311 454 458 462 471 351 246 248 380 253
219 257 363 267 281 419 295 303 305 311 316 447 457 331 469 491 238 372 248 319
220 271 403 414 419 303 309 439 318 324 325 464 338 485 359 490 239 245 383
221 264 270 401 279 282 410 290 296 425 431 287 307 311 445 321 325 468 344 474 358 381
222 387 392 277 281 421 296 434 304 306 315 457 418 336 467 232 491 403 375
223 384 259 273 409 290 295 435 308 451 456 342 352 355 360 490 368 243 378
224 390 392 270 405 279 282 425 426 308 323 324 453 335 441 482 486 496 382
225 256 386 263 265 271 272 278 281 437 310 441 323 454 459 460 334 341 479 231 240 248 379
226 278 298 371 275 345 351 481 365 370 243 255
227 389 262 267 271 400 280 282 284 289 429 496 441 374 360 364 244
228 384 257 389 272 275 278 290 292 299 304 439 326 484 360 489 496 497 242 376
229 278 279 282 413 416 429 437 438 440 442 462 338 469 343 474 348 350 359 379
230 398 275 277 287 419 292 296 434 312 442 451 453 457 335 339 471 347 233 493 243
231 386 412 433 308 313 451 458 336 312 482 355 358 460
232 261 390 263 266 406 297 301 475 234 242
233 389 269 277 406 278 419 420 301 312 446 396 333 462 494 351 354 366 376
234 320 392 272 274 283 420 428 394 458 465 347 490 491 245 254
235 404 252 300 309 439 442 332 346 352 355 361 492 243
236 388 428 394 398 408 411 389 417 300 415 335 248 467 464 489 376
237 388 261 408 283 420 428 306 308 310 314 329 341 470 474 481 238 371 247
238 386 393 400 273 403 404 281 286 330 461 484 369 250 447 362
239 394 275 281 419 421 422 308 309 313 332 473 477 480 364 497 244 252
240 260 397 407 282 299 300 305 434 336 466 362 497 245 250
241 429 421 303 438 319 451 453 337 341 484 485 362 493 242
242 264 322 295 426 310 450 453 454 460 348 495 246 249
243 257 259 262 276 414 292 314 326 348 454 365 495 370 251
244 262 276 283 422 328 336 339 347 486 374 248
245 399 279 409 306 438 311 313 444 462 479 482 356 369
246 391 290 301 308 310 446 454 460 463 318 342 429 357 249 254
247 260 390 278 281 304 313 451 453 333 343 486
248 256 408 292 390 306 471 473 480 491 493 369 255
249 267 268 403 280 412 413 291 432 439 315 446 460 485 492 369 250
250 263 264 268 397 423 440 309 448 452 472 347 354 255
251 256 271 280 290 310 312 448 438 327 440 471 484 485
252 262 271 277 406 418 321 325 475 349 372 381
253 388 393 267 400 274 287 288 292 422 424 307 455 458 355 484 360 363
254 266 267 430 280 418 297 429 313 317 485 362
255 260 399 473 280 290 421 295 306 434 438 329 338 481 422 497
256 261 407 433 435 436 321 322 463 342 472 474 352 354
257 385 262 391 392 266 285 420 423 295 434 438 443 444 321 452 328 462 310 358 498 375
258 261 272 275 277 406 408 411 290 392 324 342 347 495 371 405
259 391 395 409 305 311 448 449 459 336 475 293 486 365 379 380
260 282 399 402 405 410 286 295 298 301 375 469 497 499
261 271 418 430 431 436 442 446 325 339 467 473 349 480 481 499 382
262 428 396 415 288 292 294 300 311 442 330 463 470 369 379
263 392 393 285 416 444 319 453 460 337 477 351 483 364 371
264 275 292 423 300 309 438 443 339 270 315 364 377 383
265 299 396 398 301 274 283 289 307 437 452 466 339 472 355 362 366 367 372
266 363 266 419 295 300 449 329 485 487 361 365 376
267 385 389 400 280 298 314 449 461 334 480 344 477 366
268 386 412 415 288 290 298 377 321 331 470 346 348 486 360 365 494 495 496
269 390 271 406 285 290 291 293 322 334 467 469 345 483 357 383
270 389 276 289 454 368 434 417 348 486 489 496 373 477
271 272 278 323 329 334 465 481 484 373 375 381
272 385 402 439 441 323 459 460 469 399 422 362 493 368 380
273 388 284 436 437 479 311 318 309 449 480 488 370 379
274 281 497 302 446 319 395 453 335 337 489 495 369 375 378
275 403 406 301 439 443 333 468 343 348 350 488
276 390 407 292 425 435 445 454 458 333 480 481 359 366 373 383
277 401 404 290 313 461 478 361 354 489 368 369 381
278 401 285 288 443 320 451 455 333 341 477 357 369
279 385 389 282 428 429 314 443 335 471 370 498
280 395 400 304 440 315 462 465 348 496 376
281 384 283 287 293 426 306 459 334 491 372
282 399 412 424 301 314 444 325 463 340 479 482 365
283 386 419 292 445 451 481 357 363
284 394 494 345 449 456 463 337 472 473 352 496
285 384 388 402 417 293 423 301 310 467 345 347 477 479 499
286 395 493 403 289 419 307 437 442 345 356 491 365 494
287 302 436 441 447 460 469 476 483 493 380
288 409 419 422 297 434 436 309 440 444 447 320 349 353 362 499 374 378
289 385 407 401 345 414 290 291 431 432 445 471 371 375
290 411 416 419 295 308 309 450 466 379 357 361 375 381
291 391 393 394 410 425 433 461 337 352 356 486 498
292 384 393 419 431 432 445 323 330 334 376
293 387 396 397 400 406 299 433 441 443 325 455 341 366 378
294 385 301 404 406 431 437 458 334 347 482 422 372
295 408 417 296 371 461 339 358 492 368
296 397 398 408 409 437 311 321 451 327 330 336 347 482 491 495 373 478 380
297 395 413 306 321 397 339 469 474 477 480 489 366 375 383
298 419 323 457 461 487 489
299 398 368 429 308 324 462 467 355 338
300 391 393 412 394 332 461 479 486 367
301 399 416 423 304 434 312 445 466 345 375
302 415 427 434 437 446 451 471 350 358 488 370 499 351
303 402 405 431 410 348 428 441 331 464 339 471 352 358 492
304 390 402 404 415 308 439 454 375 403 338 468 469 484 354 483 369
305 413 419 309 440 450 458 334 336 347 484 485 369 499 373
306 420 307 308 439 318 334 490 495 499 375 383
307 390 395 426 434 438 439 324 462 353 483 484 382
308 386 432 445 338 354 486
309 321 424 310 330 336 346 477 383
310 416 428 498 430 316 317 458 354 463 336 337 474 482 358
311 396 400 344 418 347 431 318 319 449 459 328 331 338 472 485 487 349
312 440 449 450 324 342 421 486 403 377
313 412 418 427 429 442 450 457 332 344 494 497 498 374 381
314 392 394 387 424 425 446 454 330 469 470 479
315 411 432 318 322 451 463 344 483 357 497
316 440 456 332 335 475 353 482 355 358 496 372 375
317 396 407 413 438 449 323 455 329 341 472 481 487 489 362 379
318 411 423 435 441 332 476 352 482 372 376 377
319 385 412 416 426 444 456 366 499 375 379
320 423 424 435 447 322 437 332 338 467 360 491 367
321 323 427 428 434 329 330 470 351 355 486 361 374 383
322 422 425 476 352 482 356 375 376 377
323 424 428 444 324 456 349
324 391 445 328 463 488 369
325 380 392 463 479 486 489
326 475 481 327 331 468 341 496 446 382
327 390 366 454 334 339 494 373
328 395 403 405 411 415 473 476 349 350 361 367
329 386 389 401 421 429 450 459 336 340 355 485 363
330 384 494 421 446 333 484 364 493 381
331 393 456 435 444 478 487 361 363
332 416 427 447 336 350 485 370 499
333 365 422 427 436 442 454 459 461 336 355
334 390 400 428 444 460 356 362 492
335 401 425 432 452 453 455 349 370
336 391 350 420 430 448 452 483 492 383
337 404 412 413 436 455 466 478 481 423 376 383
338 423 476 437 442 452 458 471 346 360 495 370 373 382
339 384 404 412 413 422 346 480 357 490
340 391 393 401 470 432 463 358 364 373 426
341 387 404 420 437 458 460 478 480 357 487 447
342 390 391 386 409 416 421 457 492
343 397 413 415 418 433 435 436 454 456 343 476 367 370
344 385 392 417 432 433 462 352 485 403
345 482 431 396 461 355 347 357 383
346 385 400 402 438 453 462 480 481 368
347 385 392 418 422 443 359 490 364 495
348 407 419 436 447 461 463 480 357 359 377
349 412 410 389 467 470 350 359
350 390 412 387 429 478 480 370
351 400 426 432 462 471 477 496 447
352 390 388 413 414 422 425 449 455 412 355 366 372
353 400 440 475 479 355 487 366 370
354 408 411 421 435 440 451 455 475
355 413 414 449 450 459 408 357 362
356 392 404 412 422 441 450 458 467 370 375 380
357 413 424 446 452 482 492 368 382
358 397 404 409 415 418 472 400 499
359 384 434 443 459 465 492 374 383
360 384 437 441 457 463 477 495
361 384 406 363 491 455 478 486 364 367 377
362 433 450 453 455 466 482 488
363 384 402 442 451 464 467 496
364 424 434 455 473
365 388 391 408 414 466 479 372 380
366 385 394 399 428 438 466 404
367 387 420 450 459 482 372
368 386 400 408 426 433 445 488 382
369 387 447 467 373
370 402 490 378
371 419 428 445 386 472 474 477 480 483 486
372 390 396 406 427 433 478 447 485
373 390 397 422 425 459 468 490 496 373
374 390 411 442 443 447 376
375 424 472 475 489 379
376 386 398 408 402 435 456 461 470 491
377 399 430 429 437 441 446 480 484 487 380
378 486 401 436 449 452 382
379 389 406 418 427 444 468 495
380 397 413 416 427 439 453 494 498
381 411 422 423 470 399 499
382 390 393 409 412 480 456 462 470 475 477 400 482 466
383 393 408 421 397 468 470
384 388 405 479 488
385 398 416 426 434 480
386 397 399 425 468
387 388 398 400 406 407 414 425 462 460 477 489
388 418 464 486 465
389 394 397 480 486 496 425
390 425 433 467
391 401 403 426 463 495 405
392 394 395 409 431
393 404 414 416 427 452 455 494
394 399 408 426 466 471 479
395 410 432 430 441 443 448 398 495
396 409 397 473 420 443 453 490
397 405 407 414 461 474 481 424
398 412 414 430 434 435 460 472 486 490
399 416 436
400 405 414 440 449 450 463
401 407 409 420 426 468 479 481
402 431 442 464 473 483
403 409 422 443 444 450
404 444 456 489 498
405 443 450 464 482 488 490 494
406 419 456 439 483
407 428 434 446 451 469
408 420 429 432 458 465 474 478 486 494
409 413 417 428 431 438 449 466
410 451 430 411 426 463
411 425 457 475 485 486 493 468
412 450 452 454 459 468
413 487 457
414 449 432 464 488 423
415 417 427 430
416 471
417 421 449 453 468 485
418 438 440 490 488 498
419 439 452 454
420 490 454 473 479
421 426 448 454 476 491 494
422 452 459 485
423 430 461 491
424 431 438 488
425 432 453 454 471
426 439 443
427 455 456 462
428 434 450 452 456 472
429 457 467 480
430 440 449 479
431 464
432 438 470 495
433 468 470 478 480 497
434 449 439 452 454
435 439 458 443
436 460 483 491
437 459 460 476
438 447 457 460 478 491
439 444 454 457 469
440 450 461 486 498
441 462 471 483 491 494
442 492
443 473 482
444 475
445 460 466 478 493 494
446 448
447 451 455 483 497
448 462
449 489
450 457 478 494
451 472 482 486 489
452 496 486
453 473 476 481
454
455 489 493
456 462 481 496
457
458
459 477
460 472 463 487
461 464 475 489 498 494
462 463
463 493 498
464 471
465 477
466 485
467 482 483 491 498
468 468
469
470
471 477 494
472 499
473 490
474 492
475 493 499
476 483 484 487 497
477 490
478 487
479 496 499
480
481 487 490 496
482 497
483 489
484 486
485 498
486 498
487 493 497
488 495
489 498
490
491
492 496
493 495
494
495
496
497
498
499
