#build_topology.py 100 15 cluster_local 0.05
# GMT Fri Apr 26 02:14:41 2019
# 
0 97 66 34 69 39 40 95 12 13 14 85 86 91 61 37
1 96 45 35 4 70 40 12 13 47 87 25 59 36 93 31
2 97 98 66 7 72 92 10 76 13 48 49 18 85 23 36 28 30
3 96 27 42 78 15 48 18 51 54 89 88 57 91 60 93
4 36 37 97 9 75 12 45 14 61 83 53 54 27 29
5 97 69 17 43 76 77 80 49 83 22 25 88 89 60 93
6 96 66 36 72 46 15 16 24 82 84 53 87 57 26 27 60
7 35 17 81 72 73 55 77 43 67 84 24 9 56 31
8 19 80 34 36 70 39 79 11 15 16 18 51 74 91 29
9 16 99 33 40 41 74 71 13 80 51 30 59 94
10 75 70 39 43 66 77 15 49 59 24 89 87 79 95
11 33 69 38 72 46 93 40 53 23 88 58 27 61 94
12 33 35 68 73 14 81 83 53 87 27 85 36
13 66 69 54 50 82 86 87 58 59 28 93
14 91 22 41 76 49 86 73 88 90 59 37 95
15 98 71 74 43 45 78 81 82 20 91 63
16 33 68 37 65 42 43 82 50 97 73 27 93 30
17 98 35 73 43 77 46 47 49 50 52 87 24 45 60
18 64 39 75 76 78 47 50 83 86 25 60 29
19 67 68 41 78 48 81 50 20 55 24 58 91 61 62 31
20 34 36 69 38 39 74 77 81 82 66 55 61 31
21 32 86 38 44 43 78 46 79 80 82 53 22 24 60 62
22 99 68 71 39 76 24 91 67 88 31 60 63
23 64 70 39 40 41 42 46 47 72 50 83 52 85 95
24 65 69 82 57 26 59 28 85
25 96 34 67 97 33 41 39 46 86 58 60 63
26 96 32 34 99 69 98 79 80 83 84 95 28 31
27 32 34 71 43 66 47 48 75 90
28 64 67 36 69 38 42 76 79 49 50 59 30
29 35 68 70 42 75 82 77 79 80 84 58 31
30 64 66 98 40 74 82 94 57 59 42 62 31
31 35 41 74 79 48 59 95
32 68 38 72 41 45 78 80 84 86 57 60 52
33 65 34 71 72 77 89 82 54 55 88
34 98 35 38 42 75 45 92 58
35 99 68 81 72 41 71 45 88
36 65 42 75 56 84 93 94 52
37 64 48 69 96 44 76 45 78 52 87 92 62
38 70 41 77 79 87 45 57 90 94
39 64 41 79 56 53 55 88
40 67 69 80 76 48 83 87 91 61
41 65 76 51 47 92
42 68 75 78 99 56 94 63
43 96 46 83 74 54 58 90
44 97 98 67 68 71 75 80 59 84 52 91 92 93 94 63
45 67 72 47 81 56 88 93
46 64 74 93 54 87 53 85 63
47 87 73 63 82 67 83 58 95
48 60 77 48 51 73 90 92
49 99 68 81 49 98 83 58 94
50 82 84 57 52
51 96 99 69 74 77 78 86 57 94
52 69 72 56 58 92 62
53 97 77 93 89 92 61 53
54 96 67 65 74 78 54 88 58
55 83 97 71 90 91 60 95
56 71 72 63 74 82 84 89 59
57 66 99 86 92 95
58 91 63 95
59 99 97 62 94
60 74 79 89 91
61 65 98 83 85 87 84 62
62 64 97 91 96 74 79 80 81
63 96 65 66 99 67 92
64 71 76 88 89 90 92
65 67 70 80 79 81 89 90
66 68 71 77 83 90
67 76 90 95
68 97 70 98 91
69 72 78 94 89
70 76 78 97 86 89
71 75 95
72 81 84 85 95
73 78 80 84 89 90 94 85
74 75 77 94
75 79 80 84 95
76 98 90 94
77 96 99
78 98 88
79 93 95
80 99 95
81 99 85 86 89
82 99 86 92
83 97 98
84 97 87
85 93 86 92
86 91 95
87 97 88
88 90 93
89 98 92
90 98 92
91
92 96
93 94
94 99
95
96
97
98
99
