#build_topology.py 500 30 local 0.05
# GMT Fri Apr 26 02:30:36 2019
# 
0 390 266 471 272 25 281 410 155 30 283 134 295 48 312 443 459 76 209 470 377 89 481 98 483 101 337 362 493 121 380
1 128 389 270 271 405 416 348 43 304 311 317 197 328 76 460 335 208 339 249 472 15 92 95 352 336 483 491 236 112 467
2 130 87 396 13 270 273 406 153 412 432 48 434 88 444 454 342 215 472 475 476 352 228 357 359 105 493 368 369 377 380 383
3 427 260 261 263 12 141 142 150 26 239 28 282 417 164 299 52 325 205 206 340 345 90 219 118 356 236 109 495 246 126 383
4 129 258 260 5 134 268 144 21 345 28 158 34 419 70 43 56 63 452 454 327 74 341 473 218 221 358 234 167 115 119 253
5 385 260 262 8 396 17 18 414 289 390 176 180 310 55 63 193 323 196 453 326 330 333 80 211 215 91 236 369 297 126
6 9 148 405 281 286 418 91 301 303 312 188 62 196 201 206 207 209 210 472 217 219 93 485 102 359 106 235 109 248 249 21
7 265 138 139 398 17 274 23 241 307 57 444 317 193 11 201 459 461 369 465 83 470 88 474 94 354 229 487 188 497 380
8 386 179 264 265 11 15 277 23 410 158 287 306 307 184 460 332 336 338 467 215 346 98 363 493 240 115 120 252 383
9 389 139 141 398 144 406 26 411 295 426 309 438 187 60 191 64 73 334 81 468 88 90 223 352 232 235 499 248 249
10 259 132 397 398 271 24 238 408 27 289 37 167 425 427 429 176 432 53 316 445 336 212 214 80 104 489 366 495 369 249 254
11 256 261 134 398 133 296 46 305 307 181 59 450 195 68 325 202 459 80 342 477 97 487 110 495 113 251 253 126
12 386 265 139 273 23 286 368 291 427 44 303 438 185 186 445 324 161 200 204 460 464 442 489 167 493 496 242 118 376 121
13 260 265 396 17 277 159 161 35 36 39 296 169 305 434 186 63 193 194 324 462 81 86 99 366 368 243 373 248 494 250
14 133 215 142 145 402 19 282 34 164 168 220 170 299 431 50 183 187 188 317 320 68 199 334 338 343 476 357 101 361 367 383
15 256 262 263 272 149 26 27 416 161 420 166 424 179 441 168 190 71 461 473 219 482 294 359 232 241 372 247 250
16 256 387 263 267 268 141 270 402 147 152 26 413 287 165 349 433 178 184 200 202 82 88 217 477 350 293 480 233 235 111 379
17 256 258 272 147 276 151 408 410 414 419 295 303 176 434 182 185 196 438 70 72 205 340 345 476 486 103 234 376
18 268 270 146 151 24 412 161 162 165 294 284 300 49 306 435 183 442 325 454 375 483 340 474 355 356 229 493 297 379
19 133 392 397 277 151 408 25 158 197 32 294 301 433 318 447 69 75 461 270 345 485 224 101 230 364 237 110 370 446 217 21
20 386 396 130 402 276 277 28 158 159 326 146 299 432 59 188 62 454 72 140 206 465 339 342 222 358 109 496 371 120 124 382
21 131 265 269 237 154 30 288 161 163 437 183 224 67 452 77 79 81 220 478 351 352 229 493 366 242 117 247 383
22 391 141 142 237 157 30 37 166 498 431 307 438 183 74 318 451 310 454 330 45 269 466 342 91 94 99 229 103 109 111 370 115 382 252 126
23 262 392 393 267 322 404 152 160 295 135 300 175 52 58 443 192 32 194 196 333 211 469 214 87 217 347 495
24 256 257 386 260 26 283 288 422 432 201 313 316 189 446 321 326 202 78 79 208 469 185 221 107 241 244 373 378 123
25 263 282 157 416 161 285 305 178 310 55 452 198 289 329 458 77 466 343 481 227 488 361 363 497 498 116 377 253
26 257 129 131 278 29 159 168 173 223 50 309 415 319 197 327 73 209 210 83 84 479 225 82 117 212
27 129 133 145 408 179 414 415 293 172 45 435 437 244 59 320 76 338 301 216 399 96 353 482 232 109 113 245 126
28 130 260 138 399 280 284 31 163 36 421 295 174 222 61 328 330 469 217 478 352 490 235 110 367 112 242 371 118
29 267 270 144 284 496 422 425 298 429 368 436 188 449 323 462 337 466 340 473 348 479 232 146 240 245 375 121 170
30 137 268 286 35 454 295 175 48 305 201 95 447 198 72 457 203 206 84 93 223 242 372 246 375 200 405
31 261 136 146 283 133 303 308 441 60 62 199 203 204 354 462 333 214 219 348 93 350 226 100 489 234 363 236 237 126
32 129 267 275 148 278 111 367 156 159 304 51 436 312 58 443 96 324 455 75 82 471 222 352 237 239 373 250 281
33 259 264 273 270 143 145 146 276 410 33 40 427 177 435 60 321 451 452 268 337 468 92 352 359 493 494 239 497 371 124
34 388 137 138 399 278 281 154 284 282 158 162 293 45 46 59 63 197 200 76 418 337 219 357 98 229 105 338
35 133 263 394 269 142 401 494 406 281 409 157 417 422 42 45 285 62 450 334 464 467 341 87 90 348 479 484 231 110
36 391 236 401 151 152 416 291 45 307 59 445 321 453 332 204 335 336 81 343 89 481 354 355 208 112 114 376 63
37 133 155 156 413 421 423 429 50 55 56 308 138 446 320 68 374 326 201 211 216 89 95 492 112 246 119 248
38 136 393 275 409 296 327 430 48 264 178 350 317 323 455 328 204 354 91 478 482 99 357 358 487 232 363 110 114
39 135 392 270 403 148 295 166 423 298 49 186 59 63 193 453 205 465 83 398 216 348 95 352 226 487 107 108 243 319 213
40 390 428 144 150 155 419 295 171 172 50 454 328 460 333 355 471 350 98 99 233 362 236 237 113 242 117 379 106
41 131 396 451 161 418 167 432 306 499 54 193 67 452 275 75 461 82 475 478 482 229 102 364 111 115 116 248 379 124
42 135 137 141 274 174 279 410 414 288 417 162 292 428 46 177 300 440 459 460 397 473 226 103 361 234 108 494 113 377
43 273 404 324 156 287 160 294 305 311 314 190 193 450 196 69 75 209 86 118 352 485 103 496 254 374 376 125 382
44 385 259 261 393 266 131 154 412 290 46 435 180 372 58 444 191 68 325 457 205 465 89 463 107 239 112 147 116 124
45 51 303 297 299 175 49 178 179 55 184 314 322 458 331 207 340 96 481 355 101 486 113 372 375 120 378 126
46 402 406 279 171 177 179 181 310 187 66 325 353 330 205 339 342 477 225 227 358 359 233 234 120 381 255
47 384 128 275 277 282 155 421 169 350 438 314 444 445 191 450 68 69 336 342 217 347 222 224 484 485 363 241 499 117 246 251 252
48 128 235 134 290 425 428 175 176 442 188 189 447 197 71 338 468 89 92 350 352 487 107 61 114 115 382
49 270 399 408 196 411 412 287 240 418 430 431 50 180 310 52 317 68 75 219 96 178 362 492 274 496 113 245 382
50 386 387 392 131 152 284 164 412 303 182 439 322 195 69 326 71 331 84 343 221 353 356 485 237 494 114
51 385 343 270 147 408 155 157 420 297 426 430 303 434 179 311 60 61 83 87 217 477 482 484 111 368 498 376
52 384 307 269 143 288 418 164 298 435 437 182 57 314 60 323 454 72 354 335 337 467 216 218 98 490 363 377 254
53 128 387 263 140 409 286 426 427 176 313 191 196 69 326 71 459 334 339 468 216 345 474 94 224 357 363 447 118 120 381
54 386 387 135 395 109 272 403 153 154 415 290 294 456 315 200 210 358 105 234 237 110 368 498 116 118 248 250 127 380 383
55 425 298 433 308 309 57 58 70 192 65 69 454 332 205 209 470 343 344 348 314 482 101 105 365 498 118 375 170
56 390 139 173 402 407 414 160 426 429 307 56 443 446 448 374 82 85 471 88 380 423 110 113 116 246 121 252 170
57 258 261 392 215 386 400 273 408 417 294 391 307 57 313 443 190 319 64 459 336 343 219 100 492 111 498 377
58 87 141 275 73 280 416 293 430 190 191 327 457 330 203 469 249 217 220 223 224 356 361 365 121 251 253
59 387 392 265 394 278 412 417 169 298 172 173 439 311 336 156 227 471 223 355 356 231 235 366 378 251
60 394 141 399 400 401 286 422 300 441 445 446 448 336 81 338 476 354 465 492 493 110 239 112 251 124 383
61 129 132 133 435 145 286 301 316 446 451 69 70 71 456 206 334 342 344 345 346 92 481 354 484 365 377 122 251
62 384 129 138 139 142 144 283 347 166 297 171 449 457 87 216 219 477 480 359 106 113 114 244 245 118 376 250
63 131 263 147 429 302 182 441 451 452 74 460 461 334 82 340 91 224 229 167 374 121 253 383
64 261 139 271 404 407 411 413 158 423 169 175 444 65 395 330 75 460 208 203 377 350 97 355 100 357 297 121 247
65 385 400 149 154 410 160 294 455 432 177 312 443 66 195 199 200 73 207 208 83 346 485 101 235 367 240 127 252
66 261 193 147 404 412 453 418 294 71 435 325 199 456 140 88 217 474 91 350 482 484 485 360 239 246 148 374 252
67 149 135 266 144 401 147 406 473 152 155 414 415 297 175 78 465 340 341 89 96 353 229 337 235 493 242 121 85
68 132 388 390 269 399 145 276 409 157 166 181 312 323 325 75 204 205 207 341 218 227 229 231 235 494 372 374
69 258 389 262 263 392 139 429 150 285 301 430 499 308 437 70 81 213 476 477 225 227 497 243 253
70 259 389 393 139 271 86 165 412 176 434 442 187 188 331 78 82 214 93 315 228 359 112 372 247 379
71 387 393 268 275 276 405 154 363 158 287 165 424 428 137 458 202 210 83 468 91 101 234 491 338 380 277
72 257 387 385 395 406 414 289 165 168 302 431 316 189 448 197 334 337 82 462 342 346 220 93 237 368 477
73 258 139 268 233 404 242 94 137 190 194 200 460 461 464 85 471 475 222 105 369 114 244 246 119 380
74 385 392 393 143 153 430 431 264 313 444 190 194 76 332 210 83 475 220 349 479 352 366 239 251 253 254
75 320 258 261 136 156 133 288 185 449 329 354 352 466 214 480 482 104 362 363 497 244 425
76 390 138 402 293 168 297 170 301 436 437 317 134 319 450 462 213 471 221 350 165 480 238 250 251 255
77 384 260 395 109 413 416 289 290 167 432 181 438 189 446 320 321 329 80 343 89 347 222 98 365 116 373 247 125 126
78 258 138 267 144 156 158 289 290 429 310 183 441 480 453 198 339 469 86 347 224 226 234 239 112 114 211 374 379
79 135 276 414 420 170 428 309 438 314 187 448 198 204 462 335 208 338 211 223 336 226 100 80 233 491 111 246 253
80 389 390 265 140 271 273 166 173 302 312 185 330 209 340 346 222 224 225 482 483 232 241 249 251 383
81 132 139 406 408 283 422 298 300 436 94 186 317 191 321 194 327 247 465 471 222 479 97 105 235 492 375
82 395 432 440 171 301 302 176 444 445 450 325 289 328 207 465 468 469 221 356 360 106 317 234
83 130 387 86 395 400 472 406 279 156 164 165 303 458 323 456 341 470 216 224 353 359 108 109
84 257 386 260 385 140 145 148 299 306 430 441 314 190 194 455 458 216 91 476 93 223 481 228 105 362 116 247
85 392 267 400 147 154 283 420 168 437 316 318 192 329 213 345 220 349 485 227 101 486 488 110 111 378 124 381
86 171 263 395 150 407 154 160 162 421 168 425 436 183 319 328 331 333 217 346 475 93 222 95 447 381
87 257 235 262 141 404 407 413 293 302 177 308 437 187 444 451 201 314 165 225 363 364 373 375 379
88 261 390 395 365 406 283 284 134 295 296 427 302 434 307 182 317 319 196 328 459 463 223 352 356 493
89 390 264 137 395 405 151 158 160 136 315 454 202 462 205 465 467 213 292 90 463 108 109 367
90 260 134 266 402 408 262 170 431 304 219 315 459 198 455 329 331 291 347 230 490 364 494 114 248 122 251 381 382
91 129 391 265 266 151 398 145 407 152 292 173 444 333 214 164 227 356 105 490 112 117 118 212
92 171 389 268 272 157 159 241 430 175 287 321 194 326 327 468 94 481 100 233 106 238 367 497 373 127
93 393 139 271 403 283 413 289 162 294 427 436 415 444 201 330 334 93 96 361 494 367 246 253 382
94 131 389 393 138 271 281 284 198 296 305 306 318 449 322 454 335 339 468 472 345 463 224 360 245
95 134 398 404 411 158 161 199 429 178 440 444 189 323 198 327 468 476 97 228 486 361 110 370 244 254
96 388 135 140 219 156 413 304 306 309 438 320 324 334 475 479 353 98 100 362 495 113 106 252 125
97 363 133 392 269 399 280 275 408 240 419 427 304 436 182 416 289 466 472 351 107 235 210 112 497 122 125
98 388 260 398 278 409 154 412 292 170 264 309 444 324 208 465 470 220 222 479 225 491 367 424
99 256 387 390 393 267 269 147 280 423 169 182 443 444 317 197 455 340 214 471 230 489 366 115 118 122 380 253 127
100 388 261 144 276 152 111 289 244 296 189 195 329 331 341 214 102 231 363 494 495 372 255 127
101 391 267 272 407 427 151 304 306 437 438 188 139 454 200 201 218 220 482 378 252 341
102 322 272 273 280 324 155 412 165 294 423 307 444 445 449 194 196 326 455 458 464 466 339 213 221 490 492 210
103 256 448 258 266 396 269 276 409 157 168 435 309 186 192 450 289 333 479 489 107 371 250 298 381 383
104 128 385 390 257 265 141 143 274 285 158 436 312 188 446 450 456 109 209 212 215 344 476 352 237 495 368 116 374 375
105 257 389 266 398 406 279 409 418 166 433 301 431 200 192 456 311 460 462 210 211 348 224
106 130 261 391 266 400 401 149 282 157 417 428 305 436 438 183 351 188 325 223 356 234 491 109 110 240 380
107 258 387 209 432 170 175 328 317 318 324 199 456 460 465 338 343 477 224 226 485 231 289 372 124
108 128 267 400 403 405 408 282 157 288 289 163 293 296 182 183 318 329 333 462 474 226 227 239 119 250 380
109 130 272 277 160 420 434 188 318 321 326 292 202 459 468 353 357 404 251 405
110 384 491 287 160 302 431 433 437 454 464 163 217 347 363 237 238 369 499
111 386 387 261 136 302 417 428 430 264 306 184 185 453 352 481 354 484 210 174 496 122
112 132 428 276 279 411 287 416 307 310 312 320 328 466 341 222 223 232 491 238 495 113 115 245 252
113 256 129 134 396 146 286 159 419 292 295 175 187 456 207 337 211 315 494 245 443
114 256 130 133 137 267 400 273 284 290 180 182 201 186 443 327 330 204 336 351 226 355 486 364 494 120
115 131 388 391 265 151 282 155 284 157 240 166 424 173 314 445 319 328 211 476 225 235 447
116 258 235 142 401 280 491 159 293 426 172 202 204 215 353 483 356 233 363 237 371 121 122
117 384 259 388 137 394 141 411 282 159 160 421 177 434 415 320 453 456 204 212 223 376 383 252 127
118 384 151 282 413 410 159 175 312 437 321 326 200 268 202 183 207 355 221 223 495 498 125
119 392 265 270 472 148 157 414 294 168 429 317 446 191 454 199 464 216 346 478 353 422 236 239 121 251
120 384 262 399 406 279 283 157 414 162 163 167 426 427 309 313 445 463 336 492 494 319 371 122 123 126
121 141 151 283 427 372 446 322 247 467 216 442 222 229 233 240 248 124 254
122 131 389 395 407 409 474 164 294 308 311 315 194 454 332 339 213 344 219 349 222 225 232 499
123 388 136 138 450 399 400 150 151 164 422 300 429 178 310 184 189 446 192 195 202 397 348 480 144 356 294 486 364 374
124 491 392 393 401 278 316 153 295 171 435 308 364 314 320 417 226 489 362 236 169 248
125 133 393 143 146 155 287 419 261 308 444 330 319 194 197 329 202 204 463 219 349 478 223 236 237 317 369
126 257 273 277 279 428 301 431 435 439 327 202 465 466 348 489 238 367 375 378
127 129 265 270 143 404 295 169 299 300 433 181 137 313 314 322 323 453 329 332 213 344 476 355 492 177 239
128 132 391 138 140 277 151 291 433 426 431 305 183 312 187 445 192 466 474 485 358 487 234 237 238 239
129 267 404 149 416 417 422 167 297 172 194 208 348 225 227 228 485 358 233 247 380 383
130 264 397 365 402 150 281 296 498 221 176 305 328 459 466 341 477 222 481 364 238 246 377
131 392 141 407 153 282 418 165 299 430 136 308 447 452 453 329 468 343 219 225 228 368 371
132 396 271 401 415 302 433 182 313 443 317 191 196 328 138 347 479 483 209 236 495 254 383
133 138 396 159 416 290 299 316 326 462 336 270 218 347 165 241 275 247
134 386 262 392 270 412 369 171 430 311 319 204 334 211 220 360 491 364 370 499 374 375
135 385 266 276 408 155 288 181 440 441 446 451 324 337 466 211 344 217 476 355 491 210 190 251
136 384 150 390 392 142 143 400 278 281 326 425 429 177 179 441 319 457 467 341 352 232 362 371 248
137 140 269 156 157 160 418 422 497 179 309 453 198 459 209 340 218 223 352 359 235 241
138 257 404 420 167 168 412 173 430 177 443 328 329 209 346 347 358 489 238 248
139 192 391 270 144 195 283 292 424 433 451 453 336 349 229 483 488 490 249 255
140 269 270 149 474 159 416 295 298 428 175 433 318 456 202 203 461 190 211 218 361 371 245 255
141 406 145 275 150 283 414 418 475 164 186 437 320 455 336 219 442 376 383
142 256 261 278 159 165 423 296 297 428 306 440 446 454 199 201 332 212 347 351 480 360 234 492 239
143 256 258 277 262 266 268 435 405 411 157 288 167 426 433 499 441 327 201 206 212 334 345 219 243
144 385 243 272 403 409 418 292 371 438 190 467 469 215 354 235 424 242 499 246 381 341
145 258 260 270 402 147 280 288 419 165 167 348 182 475 328 203 345 220 223 483 361 249 254
146 369 271 401 402 288 161 291 167 426 174 413 309 441 319 416 198 204 207 335 343 345 463 359
147 148 410 411 292 310 311 448 193 331 206 337 216 345 476 400 232 364 493 319 447 254
148 259 388 264 394 268 274 438 413 453 301 437 182 311 187 192 449 450 451 325 329 335 466 342 359
149 259 398 404 405 154 157 347 422 434 180 190 331 335 338 469 345 399 479 227 484 492 238 252 254 383
150 260 364 277 154 157 197 166 297 426 312 185 159 446 193 457 336 210 476 208 226 492 239 371 373
151 256 387 263 273 322 429 165 427 301 198 194 326 214 472 219 231 361 497
152 384 259 279 268 397 402 416 172 430 477 186 193 326 207 467 341 215 483 358 495 339 244 382
153 259 388 261 393 394 386 410 163 166 477 432 443 202 322 460 482 344 221 478 226 230 488 495 496 245
154 384 388 266 155 156 442 444 447 199 456 331 208 466 474 348 352 484 488 250 379
155 384 385 387 388 401 286 415 418 305 310 189 190 203 337 345 218 478 227 241 243 380
156 283 418 227 424 435 436 441 315 190 193 197 455 162 333 337 483 360 168 245 247 160
157 386 417 425 173 176 434 438 439 314 199 337 211 228 495
158 385 192 405 410 159 292 166 424 298 172 439 287 188 191 321 324 199 368 250
159 399 272 403 413 417 293 172 310 320 449 195 211 343 217 477 364
160 259 396 407 413 293 438 441 186 395 198 331 461 184 468 481 354 486 498 248
161 419 164 293 166 427 308 437 457 450 201 203 291 209 163 344 475 477 222 486 358 378
162 384 342 267 275 410 214 295 298 176 306 180 183 189 194 199 290 206 468 222 361 492 274 317 247
163 406 399 278 281 292 168 303 304 305 314 445 191 328 205 334 207 346 351 225 358 488 373 374 249
164 274 275 407 418 419 293 219 316 189 195 453 456 469 216 221 421 228 362 255
165 393 278 414 297 309 316 451 457 335 337 344 474 350 480 467 244 248
166 261 407 288 419 423 312 318 373 448 452 334 338 216 481 354 356 241 498
167 257 272 276 411 418 293 299 436 191 454 456 343 348 228 233 499 383
168 264 393 404 405 425 302 310 185 188 446 195 327 328 336 482 360 367 241 379
169 258 259 261 265 395 271 277 278 291 420 427 187 189 192 196 199 210 225 490 367 243 372 377
170 392 393 294 295 304 181 185 188 458 462 441 350 224 232 237 366 497 376 382
171 391 268 273 402 283 285 415 288 186 202 321 324 326 458 213 470 346 442 230 361 445 242 254
172 264 278 282 412 291 429 178 309 244 186 450 195 327 331 332 346 357 485 490 296 498
173 261 396 403 279 240 295 434 185 318 447 453 202 341 220 227 356 359 496 246 379 254
174 256 385 264 272 276 418 313 314 190 325 465 338 339 214 216 350 224 362 236 274 245 246 375 254
175 256 385 387 342 270 273 403 179 439 446 322 455 209 213 214 465 490 252 382
176 388 266 276 281 428 301 184 313 319 452 440 214 473 346 475 220 210 368 375 382
177 471 414 231 303 306 308 454 456 457 212 478 480 482 359 361 491 497 370 243 376 378 253
178 492 415 421 295 430 303 436 445 460 465 210 340 251 228 337 233 364 493 497 373 374 377
179 261 266 273 410 414 426 305 436 189 454 225 460 211 214 480 481 482 238 241 339 377
180 385 258 264 399 401 281 410 288 294 305 301 304 437 438 316 190 204 337 272 240 497 302 245
181 385 395 275 404 409 291 421 423 391 306 440 316 205 462 336 337 345 346 350 490 365 252 253 254
182 405 409 413 417 424 350 440 447 321 323 456 349 222 344 484 231 234 472 277
183 406 401 279 410 412 293 304 310 311 328 205 343 226 231 360 489 359 494
184 363 263 267 274 406 289 371 438 316 190 194 454 205 209 216 352 251 230 360 233 487 243 253
185 389 395 282 423 267 317 321 451 199 210 203 472 345 475 216 355 228 364 367 247
186 386 273 286 302 186 312 442 315 190 455 205 339 215 477 484 233 239 373 252
187 256 391 402 430 287 416 419 292 431 304 318 195 473 228 233 238 367 375 249 253
188 257 258 392 192 320 323 453 454 268 203 468 471 218 234 235 242 372
189 395 396 398 272 238 432 308 448 481 334 228 218 351 353 361 234 366 367 376 380
190 389 262 408 338 470 217 223 485 238 373 212 379
191 258 267 396 398 365 274 411 212 342 343 348 485 231 295 236 493 378
192 401 295 425 309 438 317 323 202 464 467 468 341 472 220 480 483 379 493 254
193 384 257 390 414 293 302 304 434 438 449 328 204 336 211 341 216 225 230 383
194 390 274 286 262 476 426 303 315 206 215 236 237 496 212 378 382
195 386 401 402 411 293 311 332 335 215 216 218 482 227 359 493 424 373 375
196 387 399 401 415 369 301 458 464 218 475 479 354 485 232 241 372 247 378
197 256 394 395 405 281 293 423 297 299 302 442 447 324 455 466 214 355 229 486 495 246 248
198 470 272 273 275 283 342 429 224 323 326 199 463 214 471 478 480 231 491 493 382
199 385 282 392 411 295 298 438 320 449 323 457 441 483 360 490
200 387 300 269 412 428 303 311 440 314 450 333 205 345 475 220 484 358 234 491 379 255
201 435 273 278 284 322 452 456 207 342 473 348 223 488 233 365 367 248 250
202 259 269 418 293 431 374 326 337 343 473 327 232 491
203 388 265 397 405 407 296 435 326 481 456 396 463 338 344 225 230 363 494 244 378
204 261 395 404 414 423 299 429 302 432 309 316 488 234 377 378
205 394 397 285 304 433 307 449 459 331 461 467 235 238 242 251 380
206 384 392 267 268 410 285 491 298 300 330 448 458 206 209 215 356 219 223 228 489 363 382
207 413 414 299 308 332 335 479 224 225 230 380 492 240 375 248 252 254
208 388 277 279 280 286 426 428 306 319 322 328 354 472 232 233 424 243 246 377 383 255
209 412 415 420 437 315 445 446 455 210 215 218 479 480 362 243
210 386 266 276 295 299 300 351 356 487 231 499 249 255
211 384 265 270 271 344 411 425 454 459 472 222 480 356 231 378
212 393 268 398 275 408 433 300 430 432 435 315 457 460 334 464 215 346 370 244
213 299 392 268 281 287 303 305 440 446 333 471 344 222 479 358 233 295 248 252
214 262 392 279 278 410 433 443 449 338 228 350 421 364 254
215 385 263 269 273 283 291 426 448 324 472 349 358 488 368 371
216 446 322 456 457 458 336 470 344 230 487 494
217 261 307 371 268 435 413 421 284 498 287 318 334 473 370 243 375
218 420 296 426 434 445 268 354 463 344 482 362 235 495 240 243 254 249 382 255
219 386 404 286 306 447 332 348 354 497 245 378 382
220 256 320 260 389 391 274 286 428 431 438 311 341 343 353 232 362 492
221 263 271 409 418 431 437 317 321 326 464 313 221 360 366 496 372 380
222 266 290 296 442 464 337 343 350 364 242 371
223 323 404 435 320 450 451 452 246 468 342 477 228 366
224 258 406 277 278 281 292 424 307 315 230 365 244 251
225 256 267 270 278 282 297 427 432 457 466 476 363 499 247
226 395 286 301 305 440 244 445 318 331 341 344 477 231 494 372 247
227 261 324 280 452 294 303 306 436 309 449 339 481 493 370 247
228 393 284 415 444 451 325 329 334 487 364 375 378
229 387 403 283 284 286 290 436 448 452 482 356 357 238 368 241 425 405
230 262 267 272 402 293 426 312 323 324 456 460 462 463 470 475 476 359 488 366 368 374 378
231 401 420 426 307 457 458 439 341 473 474 349 354 357 486 369 244
232 262 283 423 348 285 447 347 364 367 371 252 381
233 262 265 403 284 419 307 308 448 340 363 493 368 254
234 257 260 390 399 417 291 262 330 475 489 240 248
235 266 397 402 411 433 243 322 456 476 240 249
236 394 407 409 415 419 429 287 266 320 455 330 459 338 488 489 381
237 397 274 429 314 320 325 329 458 331 463 347 243 377
238 388 264 275 278 279 408 411 421 300 439 333 335 368 373 255
239 256 265 397 285 419 423 368 469 343 346 348 314 478 496 382
240 384 393 276 278 416 293 422 477 355 484 357 368 369 498 245 250
241 385 272 423 308 320 334 337 350 483 465 490 499 381
242 387 274 404 280 409 289 420 423 321 337 346 348 380 369 370 252 381
243 260 262 393 398 291 427 310 451 452 326 305 484 369 243 378
244 387 439 390 431 478 457 315 352 450 327 459 482 491 496 245 251 253 255
245 388 279 347 298 432 444 319 321 333 350 485 362 247 252 254
246 384 450 402 408 314 456 468 349 479 353 367 477 255
247 401 293 428 432 455 328 329 459 332 469 471 371 468
248 271 292 425 436 288 459 464 485 495 372 379 253 382
249 256 391 271 400 263 433 456 461 340 469 473 347 351 481 443 364 368
250 267 396 400 285 368 296 498 413 321 453 460 342 472 473 474 352 370
251 272 289 422 425 467 342 474 336 482 492 365 494 380
252 279 411 413 306 312 314 329 482 484 277
253 391 399 274 409 421 295 302 434 309 438 317 318 359 492 368
254 389 390 407 426 440 313 394 437 458 461 498 381
255 388 268 400 402 407 410 285 288 291 296 300 446 462 463 464 424 371 379
256 262 282 413 292 294 445 457 331 348 357 372
257 274 279 280 416 440 442 455 458 468 474 479 354 487 362 365 367
258 267 396 400 412 475 297 301 305 437 313 458 419 343 347 370
259 267 452 406 304 312 442 321 324 464 340 469 342 494 496 373
260 266 400 407 409 411 287 300 455 460 342 351 359 361 369 371 383
261 394 269 276 407 410 419 433 307 318 330 475 368
262 394 268 405 280 282 418 291 424 429 455 461 491 494
263 264 402 277 280 411 414 292 298 428 301 449 331 466 341 400 360
264 384 272 277 424 432 499 310 458 460 466 339 343 496 467 372 381
265 267 271 275 278 284 416 291 331 349 352 366 369 499
266 267 279 280 487 309 441 316 326 464 354 355 491
267 403 406 299 436 439 443 445 320
268 299 268 303 470 344 323 374 379
269 367 407 408 303 389 428 430 311 317 457 332 336 349 495 302 379
270 494 409 424 300 429 348 480 486 359 366 496
271 385 282 286 299 478 438 309 327 471 472 353 484 358 498 383
272 284 300 441 442 457 463 472 356 488 489 369
273 384 387 411 420 425 301 323 313 475 357 486 363 494
274 274 407 284 291 428 310 460 464 472 346 477 353 364 375
275 406 419 421 297 300 304 305 323 332 461 339 475 486
276 386 391 410 284 413 310 313 315 323 327 464 472 484 489 359 499 379 383
277 391 398 400 293 430 304 305 316 449 452 471 358 376
278 388 281 412 296 440 462 463 469 365 297
279 393 494 416 296 320 327 462 342 482 356 486 487 488 497 370
280 398 283 302 432 312 461 465 467 474 314 479 359 490 375 380 381
281 415 293 436 433 309 310 308 325 456 468 360 494 499 379
282 392 287 327 436 309 324 353 335 463 357
283 286 287 420 427 300 330 467 476 478 493
284 391 292 295 301 285 435 449 461 463 336 338 479 381
285 390 397 398 417 422 427 302 448 338 467 340 341 478 359 360 489 498 379
286 390 300 430 406 428 411 302 448 332 460 350 483 371 375
287 389 393 411 418 431 308 330 459 461 335 469 365
288 401 290 297 439 313 442 445 326 330 467 351 488 317 499
289 393 414 290 304 454 455 334 464 342 336 354 368 497 378
290 393 409 424 425 426 302 315 451 324 325 458 473 477 485 363 365 369 381
291 471 400 421 432 311 331 462 475 351 357 486 496 297 376 380
292 406 474 497 298 465 346 478 479 360 366 370 426
293 428 372 442 326 340 473 346 497
294 385 389 294 431 451 453 455 462 340 470 482 360 495 381
295 394 410 322 467 340 344 480
296 406 392 394 421 423 434 435 331 332 333 343 475 495
297 395 386 418 431 304 371 318 483 493 499 403
298 461 476 450 333 463 343 348 351 485 488 376 377 380 381
299 428 310 451 327 462 347 351 480 363 492 367 375
300 395 427 318 319 463 470 471 348 352 488 490 338
301 452 416 422 314 445 449 322 332 354 366
302 387 389 306 317 457 339 343 355 490
303 397 432 438 441 314 324 458 335 466 347 354 362 369 375
304 346 414 420 315 417 329 459 468 344 487 489 490 492 367
305 398 422 313 459 482 340 473 353 356
306 412 422 319 457 332 461 470 471 353 492
307 389 318 395 420 334 464 477 369 372
308 492 420 313 444 446 332 461 349 482 486 362 364 381
309 409 422 434 439 441 442 455 357 360 495
310 384 392 404 422 438 317 328 345 477 362 495
311 386 406 408 348 457 335 336 466 468 356 359 363 369 499 377 379
312 395 401 387 420 423 447 374 456 333 493 366 498
313 384 391 400 406 413 423 435 453 462 339 341 356 357 365
314 385 435 493 410 421 442 443 347
315 394 450 402 416 417 428 448 336 339 469 474 365 375 376 468
316 386 427 430 432 448 452 332 466 343 344 490 365 496
317 398 472 425 437 320 334 422 379
318 388 396 401 432 449 340 343 344 473 361 498 377
319 401 403 410 321 451 452 335 474 349 485 365
320 385 389 416 423 435 442 454 466 472
321 417 425 431 441 324 325 460 468 482 366 495
322 384 439 440 325 457 332 470 356 486 360 370 373 380
323 430 483 442 446 353 355 488 370 380
324 410 415 418 452 330 463 360 369 372
325 385 390 403 409 444 447 326 461 490 372
326 416 389 439 441 346 483 421 366
327 402 411 412 441 452 456 463 465 341 424 376 382
328 395 399 419 329 457 341 353 486 373
329 394 365 387 430 456 434 342 352 358 445 376
330 392 402 412 426 457 463 335 483 493 495 376
331 493 407 346 415 426 430 357 488 491 496 371
332 396 414 420 422 473 477 351 493 494 367
333 413 420 425 349 434 442 455 474 475 477 487 488 497
334 389 424 417 461 462 464 467 351 486
335 412 420 424 448 460 469 473 463 485 489 490 364 365 370
336 421 438 355 371 375
337 391 406 414 438 461 464 341 344 474 347 364
338 398 416 477 448 465 466 476 349 481 482 490 367 381
339 417 418 424 392 446 449 452 467 345 477 379 382
340 416 432 449 452 467 341 377 474 493 375
341 434 446 453 464 441
342 450 458 464 356 486 494 368
343 385 405 443 398 497
344 439 448 465 478 481 485 360 381
345 363 399 415 462 481 360 491 375 382
346 399 434 441 461 465 356 361 365
347 427 393 397 421 469 483 377 381
348 394 412 458 349 487 365 426
349 384 403 408 411 470 473 355 357 366 367 370
350 402 423 434 439 451 477 479 355 496 426
351 387 388 431 480 455 462 474 352 488 365 367 378
352 390 414 424 433 440 439
353 385 393 395 427 486 438 459 357 358 366
354 396 411 419 439 441 394 473
355 432 435 450 463 464 475 487 362 496
356 429 448 451 443 490
357 387 398 422 441 442 444 481 401 488
358 392 430 433 459 471 477 422 496 377 382 383
359 396 478 480 366 499 374 380
360 385 402 455 458 461 373 381
361 394 397 414 420 428 452 473 487 362 369 373 378 426
362 395 397 406 411 416 417 418 429 433 473
363 439 440 373 383
364 392 394 408 416 447 475 465
365 398 407 409 441 457 499
366 386 388 397 420 456 459 492 373
367 390 404 419 473 479 377
368 399 416 472 486 370 382
369 403 420 430 469 484 498 375
370 396 398 414 448 452 456 470 471 499 377
371 398 407 431 448 465 481 490 373
372 413 414 443 456 464 472 489 494 374
373 401 402 403 452 499
374 394 397 409 412 418 434 439 440 446 451 467 468 376
375 391 424 498
376 385 389 405 416 425 435 472 481 483 490 496
377 408 413 444 445 488 425
378 397 409 423 431 445 467 469 417
379 415 421 413 447 453 455 472 481
380 396 386 403 480 496 490
381 424 450 400 498
382 405 409 415 429 467 488
383 440 448 455 470 475 490 499
384 399 409 432 458 487 489
385 391 425 477
386 397 420 449 478 482 483
387 405 433 453 478
388 393 394 408 440 462 498
389 396 398 414 440 477 495
390 403 438 448 454 466 467 474
391 490 415 419 468 478 483
392 410 473
393 404 427 438 442 480
394 427 435 438 440 462 494
395 451 466 478 483 495
396 399 400 423 426 467 445
397 423 428 432 442 463 464 472 473
398 401 465
399 443 472 483 485 496
400 402 403 440 479 481 487
401 405 409 418 429 447 451 465
402 407 432 433 495
403 492 430 444 450 451 459 462 470 447
404 408 416 443 447 461 470
405 419 430 446 465 478 484 487 489
406 422 499 443 463
407 471 418 434 448 449 469 496
408 418 434 442 458 439 461 473 476
409 492 414 437
410 421 422 460 476 487 490
411 435 450 476 490
412 433 447 451 439 493 494
413 450 454 462 494 495 497
414 462 466
415 425 437 441 450 469 459 487
416 436 491
417 432 422 424 431 435 450 470 472 484
418 436 497
419 426 456 448 459 477
420 465 445 449 457 492
421 434 439 447 449 451 437 480
422 440 475 482 492
423 430 445 458 483 489
424 425 454
425 436 451 458 474 480 486
426 441 484
427 429 431 443 460 499
428 495 444 469 484
429 493 443 453 454 482
430 476 493
431 437 447 470 489
432 467 478
433 442 465 484
434 457 464 472
435 475 489
436 453 457 462 479 497
437 447 449 469 495 499
438 449 481 488
439 453 481 484 488
440 465 474 478 484 466
441 450 451 485
442 452 476 478
443 472 484 480 481 494
444 445 447 461 487 490
445 447 469 492 489
446 455 474 498
447 470 460
448 484 474 478 496
449 468 480 485
450 453 473 487
451 473 474
452 457 479 480
453 464 471 484 493
454 489
455 470 491
456 472 488
457 480
458 471 497 498
459 474 463 466 496
460 491 467 468 499
461 471 475
462 499
463 494
464 497
465 486
466 475
467
468 485 497
469 470 486
470 478 482 489 492 498
471 485 486 488 491
472 498
473 490
474 479 478 490
475 484 489
476 485 489
477 480
478
479 481 488 497 498
480 487
481 484
482 485
483 496
484
485
486 487 488 489 495
487 492 493
488
489
490
491 497
492
493
494 497
495
496
497
498
499
