#build_topology.py 500 30 global 0.1
# GMT Fri Apr 26 03:15:29 2019
# 
0 256 391 265 14 281 413 416 166 295 40 182 184 441 58 168 189 319 71 210 213 88 89 477 95 225 98 227 362 368 113 242 499
1 269 146 279 153 159 476 47 243 52 312 57 189 322 68 71 456 461 78 397 465 338 83 86 185 88 89 348 477 360 499 249 379 281
2 141 273 19 89 408 281 416 292 178 309 381 57 317 192 195 205 462 335 469 185 217 348 477 224 145 493 125 25 253
3 261 265 23 149 316 26 159 393 161 291 292 165 453 201 185 60 449 246 457 333 78 465 338 475 92 103 233 359 111 369 374
4 389 6 272 17 147 22 413 287 295 297 304 60 61 64 324 325 75 80 337 213 100 489 373 247
5 132 6 268 399 151 411 166 39 296 300 429 53 190 319 71 459 239 87 90 477 353 356 361 490 365 367 370 373 249 126
6 131 270 216 293 428 301 432 437 186 324 457 458 76 79 464 466 339 142 214 350 442 165 226 234 365 241 116 373 123
7 384 129 261 262 391 264 395 144 402 38 296 170 301 174 47 58 62 449 247 338 343 344 349 223 107 371 446 375
8 128 263 138 13 145 19 24 418 424 297 42 302 316 266 318 325 457 76 207 92 108 494 241 147 116 120 250 251 127
9 385 263 140 276 277 153 285 288 37 422 167 355 48 188 62 329 247 461 339 213 214 91 478 479 227 229 232 366 496 375 124
10 393 272 19 21 23 154 411 289 283 41 42 175 51 438 443 445 193 194 330 331 462 208 338 346 223 490 369 114 119 106
11 267 13 237 404 408 69 166 41 306 174 50 52 310 184 60 319 201 202 78 466 340 341 228 485 316 490 338 245 38 125
12 257 258 138 267 142 143 400 404 409 30 287 289 418 295 424 170 299 46 303 181 58 395 471 489 106 363 108 365 110 249 252
13 131 406 391 22 281 150 159 291 292 425 321 51 54 57 442 190 449 68 328 458 463 352 123 229 486 487 232 120 250 379
14 134 392 428 109 323 153 27 284 159 35 300 430 305 56 57 63 67 463 469 220 477 358 492 365 497 124 255
15 136 393 397 274 155 28 287 419 40 169 173 176 308 61 191 324 197 326 460 333 80 89 350 479 481 228 364 402 114 373 426
16 388 395 140 269 399 22 260 27 415 34 369 169 429 430 312 104 314 191 194 72 329 241 88 346 91 478 355 360 108 497 248 381
17 133 143 401 147 21 23 389 288 214 46 434 180 185 60 317 191 449 457 74 205 340 88 379 356 112 247 250 127 254 255
18 194 403 152 285 288 426 46 49 434 51 446 450 205 212 219 92 480 97 354 104 490 235 238 114 118 380
19 257 134 143 151 161 169 44 429 48 179 52 311 189 196 199 72 204 78 473 223 354 484 243
20 387 134 138 395 286 238 279 152 29 30 33 35 168 172 301 47 49 181 60 65 322 330 465 348 477 350 484 110 497 246 381
21 128 385 389 397 161 290 293 296 171 309 310 56 62 68 455 200 162 269 483 468 215 99 102 401 103 496 124
22 271 451 407 415 34 35 427 175 181 58 458 67 456 330 334 397 215 217 314 230 104 362 236 240 369 490
23 128 259 389 29 240 162 427 179 436 496 440 57 186 59 266 67 331 209 92 355 231 445 112 120 250 383
24 133 138 272 401 153 284 414 161 34 292 38 40 426 303 311 184 315 444 320 330 463 336 83 475 95 480 487 360 492 467 298
25 130 388 137 144 150 154 32 418 42 174 442 68 325 332 334 335 81 340 215 344 92 477 355 102 487 105 491 364 238 124 127
26 129 390 392 395 281 329 37 38 170 427 172 303 178 182 311 184 323 452 72 457 202 76 85 471 350 351 482 105 118 376
27 129 141 273 147 366 430 304 177 434 313 189 190 319 199 202 212 85 217 474 347 485 357 232 110 496 62
28 384 130 299 264 146 148 280 29 418 427 174 157 307 286 186 459 211 341 473 442 94 100 235 364 368 242 374 382
29 384 273 153 289 36 423 428 477 53 438 439 184 185 322 481 72 457 463 87 345 349 353 105 490 364 368 371
30 388 280 154 291 168 435 52 55 66 331 453 75 462 210 83 472 89 346 227 356 424 115 253 254
31 256 132 395 271 150 280 409 288 168 172 301 431 306 62 65 203 462 464 342 343 351 352 97 356 231 106 109 366 241 114 246
32 267 268 278 407 153 431 411 295 172 173 46 175 176 180 441 59 448 193 324 69 77 206 336 184 339 213 87 226 107 114 243
33 261 138 278 453 416 418 164 38 42 300 431 176 191 66 197 79 208 344 480 354 232 495 381 127
34 128 135 265 272 281 414 288 162 420 423 174 304 313 117 66 199 201 333 220 39 238 114 373 253 382
35 262 56 291 164 293 432 50 312 62 320 69 455 460 78 337 468 342 477 478 96 225 358 363 108 109 111 117 383 277
36 259 279 142 409 324 410 39 171 174 413 48 59 316 68 326 202 464 476 99 486 487 106 231 240 187 119 120 383
37 136 393 395 400 402 275 155 416 429 178 265 65 194 67 199 458 83 219 478 227 228 485 195 231 492 366 372 376 249
38 136 144 276 149 287 304 193 322 68 200 80 210 340 92 221 223 103 367 116 374 376 121
39 256 136 395 400 148 452 303 412 185 389 161 419 175 177 180 66 67 196 207 163 212 469 441 476 106 241 119 120
40 401 146 275 155 474 167 53 440 315 445 451 198 328 76 79 214 345 346 95 224 487 106 493 112 497 114 117 380
41 384 257 387 138 269 142 144 408 409 169 298 432 307 54 60 63 456 77 334 80 343 216 98 361 110 373 253 383
42 385 134 137 138 278 280 282 289 168 428 304 392 307 436 56 195 327 86 215 220 222 481 489 110 380 125 127
43 128 257 392 396 413 419 292 47 264 180 182 184 445 191 321 460 207 337 466 346 123 102 362 492 367 242 245 118 379
44 135 138 150 151 410 303 243 165 298 428 302 175 307 53 310 411 318 438 329 81 476 349 230 234 491 499 116
45 257 259 149 154 417 421 294 171 46 177 308 310 61 62 63 80 474 476 223 355 100 232 492 191 110 367 368 117 377 447
46 384 132 136 265 158 147 153 69 415 160 274 431 433 309 55 440 191 64 453 328 458 76 205 209 210 471 481 356 113 244
47 259 269 237 405 153 283 291 129 428 433 311 193 81 466 211 468 85 91 93 230 209 233 365 495 372 377 378 254
48 263 136 399 402 416 291 292 295 430 311 312 189 456 74 213 471 347 93 100 357 234 366 499 254
49 132 390 141 275 410 411 418 295 174 437 438 189 68 325 74 79 86 473 220 478 226 232 236 368 123 380 382
50 130 399 155 156 297 299 449 70 336 340 213 89 218 347 222 100 357 359 366 367 83 373 119 248 250 253
51 390 391 143 411 290 165 422 135 303 178 53 316 190 447 64 175 198 457 334 209 83 215 421 100 230 358 81 103 318
52 260 397 273 150 160 290 428 301 318 64 449 67 197 73 76 210 473 347 350 479 359 361 366 251 382
53 256 397 403 406 158 291 429 221 304 194 207 336 467 215 345 219 477 464 107 496 233
54 385 261 262 391 271 144 273 408 155 414 163 293 422 295 129 428 173 311 441 190 71 75 81 399 92 225 114 236 242
55 137 145 274 275 283 295 310 314 195 69 330 77 335 84 213 346 350 223 97 359 107 238 367 371 252
56 272 406 282 418 300 436 320 194 68 69 454 216 217 221 222 95 226 228 496 370 380
57 262 386 402 149 367 163 292 134 427 452 453 199 76 80 86 473 335 92 221 482 230 104 362 111 246 252 255
58 259 263 139 148 92 173 177 309 183 445 64 73 332 82 83 471 220 102 359 105 362 235 494 240 297 253
59 404 196 154 475 164 167 178 309 329 443 320 324 73 203 472 345 91 93 478 227 100 240 369 114 379 126
60 391 393 399 146 387 164 297 426 178 181 311 189 446 447 84 478 357 355 102 486 233 109 382
61 256 136 394 282 157 415 290 167 424 429 180 309 311 442 68 453 84 347 92 352 97 483 488 236 376 126
62 274 154 155 158 422 295 284 263 176 439 189 192 322 453 199 79 84 479 355 229 231 364 366 374 126
63 258 395 397 402 280 417 302 178 435 449 454 455 247 206 83 352 483 357 434 496 372 117 118 375 270
64 128 179 435 402 280 410 156 161 293 423 168 428 302 440 189 446 323 200 78 464 337 344 89 165 224 356 371 379 125
65 131 388 147 149 406 156 329 476 298 175 313 444 66 457 332 211 341 483 100 233 362 108 380 277
66 387 260 264 137 397 279 410 424 177 434 315 323 168 459 82 99 214 474 96 353 187 107 497
67 395 435 272 274 179 312 188 326 77 184 472 220 96 485 234 423 364 381 117 125 127
68 256 260 392 137 400 404 415 162 420 434 317 446 447 198 327 456 330 339 216 90 488 380 127
69 264 266 269 157 414 420 166 172 330 459 79 465 341 343 96 355 485 109 111 246 254 255
70 384 393 400 278 285 298 171 428 429 157 180 440 450 328 73 78 81 342 344 91 228 101 103 233 370 119 123 383
71 265 143 277 155 411 166 169 302 477 176 177 183 186 75 337 338 91 93 355 100 486 106 363 375 120 382 149
72 256 258 134 173 400 145 406 153 301 309 317 191 147 74 333 336 85 86 471 346 91 480 144 115 244 252
73 385 130 263 300 268 143 152 156 292 171 172 179 457 448 456 329 330 77 212 87 350 354 356 231 362 368
74 405 406 414 162 165 171 319 118 331 204 333 206 79 465 214 474 354 230 361 366 112 497 372 246 253
75 267 143 404 405 388 282 415 164 434 180 311 441 450 195 324 76 212 94 231 361 362 367 106 468 122 123 234
76 388 133 271 274 147 412 297 170 451 77 462 464 228 479 224 484 488 234 491 496 498 244 373 247 249
77 256 264 451 410 283 282 418 296 300 301 433 306 206 338 344 474 478 479 481 98 229 246 249 379 381
78 299 270 272 409 158 423 171 189 309 96 456 466 355 351 224 227 232 362 363 370 243 125
79 384 140 271 149 196 284 415 420 156 171 115 309 339 452 328 333 237 88 475 97 109 369 499 126
80 130 393 279 415 496 163 421 175 159 201 202 354 463 96 482 227 484 124 235 109 368 113 252 85
81 391 136 149 161 163 454 296 425 444 317 322 323 327 457 338 216 473 476 96 358 359 233 237 366 120 381
82 138 140 270 399 272 280 290 422 430 398 312 189 193 195 199 397 341 471 344 217 94 101 234 499 118 125 254
83 427 410 295 425 170 299 304 200 414 443 320 451 455 460 468 472 217 91 477 249 123 255
84 260 146 473 152 453 160 368 296 429 442 449 325 335 208 339 345 207 350 97 227 229 102 237 494 336
85 391 138 92 278 175 285 290 169 307 184 442 196 481 205 463 339 213 87 218 476 186 94 353 99 239 246
86 258 261 138 267 141 142 403 406 162 292 437 186 197 457 204 470 218 220 222 352 228 107 108 245 375
87 130 491 149 280 282 412 413 294 168 299 303 315 319 200 90 478 229 358 106 363 110 242 499 117 122 382
88 389 263 145 139 398 271 147 152 412 165 425 310 441 316 97 332 210 468 471 347 353 357 230 231 488 371 376 340
89 134 266 149 150 306 412 413 167 168 301 430 186 443 138 457 459 471 231 488 235 237 104
90 132 391 138 141 281 284 415 423 427 327 202 332 466 339 469 222 226 103 365 239 499 246
91 256 130 261 267 271 154 160 289 290 167 426 310 441 316 438 455 473 477 94 479 483 370
92 397 154 287 428 431 433 435 437 318 456 335 339 472 475 484 359 498 247
93 130 388 389 135 264 397 402 151 409 291 173 443 138 446 195 201 468 472 475 360 361 490 492 110 488 376
94 132 263 146 404 409 285 419 427 321 179 315 188 448 449 326 467 220 226 360 489 245 374 375 376 377 123
95 384 138 140 406 151 288 293 173 435 445 189 321 326 226 333 468 343 352 98 364 495 499 246 255
96 290 270 145 277 416 162 299 300 303 434 158 447 192 199 329 461 470 103 106 239 375 381
97 259 260 133 390 393 267 399 272 278 153 410 160 165 459 467 349 98 231 360 108 493 367 115 251 127
98 134 139 405 156 285 159 290 291 165 191 329 330 461 206 336 339 473 218 357 110 238 375 122 255
99 258 390 135 144 280 170 427 176 177 182 312 314 319 194 451 198 464 211 343 442 221 229 485 488 362 373 120 377 255
100 385 131 322 398 411 419 165 412 327 177 194 464 478 358 231 493 241 244 361
101 265 151 272 217 412 413 158 159 288 166 298 186 321 139 216 473 218 232 361 363 368 376 377 426 126
102 132 394 276 283 291 174 319 448 201 460 206 335 163 334 217 442 482 355 103 235 243 117 120 124 255
103 456 134 269 144 281 411 198 295 307 200 459 205 207 214 348 351 480 225 454 236 498 118 247 250 405
104 257 136 269 270 275 148 283 289 162 166 426 301 431 177 434 321 201 463 337 210 350 234 114 255 264 383
105 258 394 398 143 145 150 154 284 288 418 171 285 191 331 203 461 337 347 222 235 237 238 497 242 243 373 123 125
106 260 262 411 185 297 170 304 306 441 323 328 334 209 214 483 358 465 498 246 249 123 383
107 386 392 450 413 160 291 426 175 479 315 318 192 202 461 248 211 340 351 480 486 362 240 115 376 378
108 256 267 152 281 497 302 177 326 462 464 211 342 215 346 349 488 239 113 370 251 380
109 389 301 275 280 282 158 427 173 440 188 189 318 460 333 467 345 347 365 494 367 244 378
110 266 143 278 280 475 175 444 394 447 328 342 347 352 354 491 148 251
111 261 262 264 267 140 275 405 406 286 293 300 134 447 196 454 459 469 471 345 229 235 498 247 376 249
112 384 342 281 288 422 305 307 437 186 446 319 480 197 454 456 209 214 217 475 224 227 484 337 363 371 244 252 255
113 257 265 267 141 146 403 153 412 305 438 199 330 203 338 468 216 350 354 487 274 367 115 381 126 127
114 256 311 131 148 154 417 290 168 439 317 325 326 458 339 271 354 245 378
115 129 266 398 277 164 167 425 433 312 444 449 334 466 340 217 478 493 496 243 248
116 259 139 397 270 145 161 151 136 316 457 462 214 216 345 347 483 356 233 492 494 239 243 248 378
117 307 396 365 282 289 262 171 179 308 201 205 336 143 353 227 485 237 245 246 123
118 136 393 394 269 414 156 286 437 429 181 462 313 446 456 329 334 223 366 368 375
119 273 277 155 166 434 436 183 185 314 394 193 195 324 326 463 336 338 481 228 294 245
120 258 394 151 401 406 416 428 433 439 194 336 340 346 221 356 490 491 238 468 362
121 256 133 262 140 173 148 406 409 240 293 172 301 436 444 134 456 332 344 228 486 232 234 491 368 497 166 255
122 390 396 399 145 408 153 286 287 262 171 429 192 321 323 199 474 478 234 237 240 497 246 250 126 255
123 385 391 400 277 419 432 439 195 202 332 337 338 214 224 227 228 358 236 238
124 256 387 388 261 264 273 274 461 411 284 282 286 287 475 433 308 219 318 321 323 458 459 205 462 207 270 463 477 487
125 384 261 140 397 142 150 161 172 306 310 313 450 196 201 460 333 463 475 221 350 360 235 365
126 132 266 268 493 147 287 214 163 439 314 315 318 196 454 206 337 470 487 365 497 251 127
127 260 262 396 270 275 426 427 303 434 181 447 328 461 334 336 209 478 354 248 378 379
128 259 135 401 406 154 420 179 308 184 313 446 452 325 200 457 338 474 351 233 363 242 247 377 381
129 259 266 395 140 397 272 404 408 284 301 430 310 450 197 457 269 337 468 344 474 182 353 370 376
130 384 392 138 269 145 424 300 309 188 447 353 459 205 339 473 475 481 370
131 385 259 265 138 143 402 147 282 285 415 289 172 430 195 200 457 208 209 478 223 224 225 485 243 374
132 272 284 286 420 422 348 303 434 342 440 452 199 460 468 470 215 351 353 354 361 366 248
133 259 260 261 392 139 401 403 404 282 286 389 421 294 434 311 441 187 225 465 212 474 347 224 315 485 231
134 393 141 144 402 367 157 287 302 438 190 447 212 351 486 240 403 446
135 387 270 275 345 414 302 314 197 326 463 336 473 218 225 482 356 357 486 489 144 377 381 255
136 261 138 139 401 402 174 284 183 244 315 445 394 198 201 335 470 217 443 294 234 491
137 386 264 400 274 415 292 295 170 301 303 392 307 308 185 191 193 198 335 220 222 485 239 375 251 380
138 237 415 426 310 455 332 466 479 483 229 489 366 252
139 257 265 140 238 151 157 414 296 301 181 316 447 329 202 203 461 474 229 234 494 376 383
140 342 151 155 415 289 163 299 437 182 441 317 191 197 417 470 473 221 488
141 267 269 272 151 153 417 283 293 295 171 179 181 438 311 443 445 318 469 353 366 495 498
142 391 264 265 267 270 275 286 290 430 432 181 439 315 318 395 339 340 164 482 489 242 147 244 425
143 343 402 494 282 155 160 301 181 444 317 215 355 229 232 316 362 238 369 372 253
144 264 265 270 400 146 275 160 166 180 192 196 199 331 208 483 222 225 366 467 248
145 264 275 284 289 422 425 175 438 441 187 318 330 206 211 340 475 476 490 235 364 147 383
146 257 387 388 265 278 425 310 312 442 317 190 324 197 326 459 463 469 214 215 474 219 380
147 257 265 279 367 287 288 425 309 438 190 245 320 197 327 218 349 239 373
148 261 393 274 403 283 159 288 155 421 187 316 198 331 340 469 349 224 422 359 494 495 370 375
149 158 173 272 277 150 185 159 175 176 312 462 343 474 348 221 222 225 489 246
150 387 266 396 271 274 282 162 347 297 301 174 431 310 331 206 336 219 224 359 364 493 375 254
151 260 172 271 279 281 411 288 290 171 429 312 443 191 193 322 205 153 478 228 357 238 239
152 388 265 403 163 164 165 300 174 307 236 194 326 469 343 345 346 222 225 227 491 373 276 255
153 258 260 392 192 275 388 160 419 312 441 320 451 205 209 210 467 477 240 254
154 260 269 398 285 420 296 300 304 439 446 192 321 322 337 340 226 484 359 492 370
155 384 262 272 417 437 186 322 331 204 338 340 341 472 359 494 367 168 244 190 252
156 386 387 395 268 399 163 297 174 191 448 322 331 334 465 213 218 271 251 487 361 364 239 248 379
157 387 439 391 286 296 297 428 179 180 311 185 444 457 183 332 461 207 466 214 471 472 463
158 263 288 291 174 178 311 444 448 196 460 204 205 336 471 335 221 232 370 371 190 247
159 391 278 281 169 180 437 182 183 201 207 215 349 358 360 362 493 494 246 381
160 258 262 266 398 408 165 298 310 183 450 206 352 357 489 362 375 248
161 264 276 414 290 304 177 320 194 227 339 214 216 346 477 355 229 230 259 249
162 264 395 401 174 432 301 302 304 305 318 448 224 451 205 354 240 245
163 269 400 273 412 305 187 326 332 207 338 470 347 348 224 230 359 466 243 373 379
164 384 409 174 313 192 323 455 208 209 211 398 472 357 360 490 496 369 248 377 250 382
165 192 394 395 268 429 177 441 318 447 203 470 476 234 492 244 319
166 270 275 413 425 321 323 452 454 327 337 347 350 362 492 368 246
167 261 390 267 345 346 170 302 175 184 442 316 320 334 208 338 343 474 464 483 239 499 250
168 259 264 305 180 438 443 320 449 451 325 206 208 465 212 361 374 379
169 390 263 392 268 399 280 293 173 431 177 198 337 214 483 465 233 496 497 499
170 388 402 294 171 338 429 434 312 321 453 203 461 464 209 210 213 471 475 482 227 488 365 360 247 383
171 264 394 289 172 307 438 201 185 428 192 460 464 217 487 237 242 247 378 251 382
172 390 395 396 403 302 406 407 421 298 428 174 431 182 317 340 221 225 188 490 492 369
173 260 396 404 417 440 187 450 199 460 462 337 474 352 359 490 494 370 243 244
174 259 391 416 424 175 435 309 439 442 450 462 214 474 221 487 366
175 261 399 275 418 406 446 194 331 290 206 352 358 490 239
176 264 407 289 198 422 425 434 435 185 452 197 326 458 335 470 421 225 358 363 497 249 252
177 398 399 316 410 179 444 353 202 332 479 481 233 494 417 383
178 422 426 478 185 188 447 467 341 343 350 351 226 227 241 373 489 249 250 383
179 258 491 263 276 279 281 284 201 189 450 457 354 487 363 493 370 243 246
180 388 395 278 413 306 316 321 459 339 461 206 211 469 345 366 381 371 253
181 257 274 405 407 416 475 436 440 322 328 268 343 216 226 228 358 233 362 492
182 384 262 428 403 278 407 284 286 291 293 299 302 431 447 195 484 363 245 248 249 191
183 267 268 270 407 282 431 284 292 426 435 186 195 452 329 458 206 209 339 334 477 223 368 369 242 245
184 258 299 397 401 417 185 325 327 456 332 467 212 219 220 478 484 235 238 341
185 412 286 420 421 298 304 437 455 329 223 483 232 490 240 369 243 374 251 380
186 259 407 290 419 423 477 307 320 321 324 221 486 232 237 498 372 373 345
187 262 268 271 412 286 428 304 434 307 444 447 448 193 196 458 460 469 479 482 190 376 379
188 260 389 400 401 417 291 306 436 437 315 450 324 468 216 483 357 236 495 212 380
189 267 280 416 431 435 436 438 324 327 328 209 211 212 219 353 487
190 392 452 398 402 407 281 417 298 431 449 324 455 459 334 363 250 255
191 259 396 405 293 422 304 200 461 462 465 211 213 217 357 229 369 242 244 374 255
192 386 266 274 238 296 242 435 439 457 202 467 471 472 219 348 421 481 230 232 400 371 380
193 260 412 266 436 314 315 317 449 322 199 206 469 343 473 352 359 363 498 373
194 268 290 295 318 198 328 329 203 204 465 468 477 222 498 371 247 253
195 262 397 270 271 400 303 305 313 447 310 328 463 215 220 479 379 489 378
196 253 394 269 401 278 296 427 435 454 200 466 217 476 352 227 493 495 254 375 248 377
197 389 398 409 281 298 427 302 368 324 338 211 340 220 481 355 487 361 239
198 271 401 274 410 411 425 298 428 308 315 208 337 470 222 336 365 498 276
199 387 263 278 388 411 433 431 453 336 227 469 476 250 464 355 230 489
200 262 264 397 282 346 416 302 413 319 462 209 338 341 218 352 225 355 356 466 244 380
201 388 366 293 434 452 460 440 479 224 337 235 492 496 242 373 374 378 251
202 389 411 284 413 291 436 310 440 319 456 457 206 342 360 365 240 241 249
203 263 272 279 292 241 428 305 442 447 321 452 326 331 335 339 340 480 354 315 234 370
204 385 258 388 263 450 398 402 282 283 427 275 329 330 340 341 480 484 233 236 241 243 372 252
205 385 389 394 403 284 415 418 470 346 349 478 480 237 477 253
206 390 391 266 279 285 430 433 437 465 471 355 401 488 361 497 499 247 376
207 279 411 421 434 307 444 447 450 333 336 341 343 473 219 220 353 226 252 233
208 386 391 278 281 418 293 295 308 437 317 452 454 292 493 237 373 383
209 385 265 290 297 246 225 335 210 215 346 219 353 486 234 365 239 374 248
210 258 294 389 264 400 402 413 414 419 296 437 317 446 352 324 463 221 222 480 485 236 496 377
211 384 388 270 345 283 421 424 331 335 466 473 348 293 226 488
212 427 397 400 407 416 299 303 438 321 213 470 345 220 221 355 235 499 373 341
213 386 261 273 407 285 293 297 298 299 434 435 311 441 332 216 375 248
214 384 386 267 396 277 286 390 309 444 452 330 334 341 218 222 479 249
215 256 259 392 410 414 422 300 305 444 323 454 343 475 354 362 239 248 378
216 267 399 408 409 413 299 304 311 458 339 344 486 232 233 236 237 367 496 369
217 268 286 419 371 439 443 321 456 459 461 357 487 494 373 379 381
218 230 270 408 298 302 385 437 314 451 324 354 358 488 492 239 381 382
219 262 393 493 286 432 442 464 339 471 472 476 480 481 354 355 359 360 234 235 497 242 247 381
220 390 268 269 279 281 410 286 429 341 471 474 370 468
221 398 400 273 279 423 297 300 306 318 325 347 314 478 482 356 489 364 365 378
222 386 260 393 237 402 466 315 444 452 338 474 482 483 359 241 376 381
223 286 418 297 443 446 246 332 336 349 464 483 231 233 493 239 368 247 378 251 252 254
224 268 271 287 417 291 497 389 454 338 227 358 231 498 499 376 255
225 272 406 287 293 314 481 312 349 226 232 494 499 247 250
226 261 404 413 422 435 478 317 452 462 347 482 229 488 370 245 377
227 385 405 413 432 393 469 345 228 366 373 246 382
228 277 283 414 287 416 289 292 371 438 441 444 335 344 480 484 236 246
229 393 277 411 288 497 470 472 399 356 361 372 373 447
230 387 265 400 404 409 292 425 427 300 430 324 472 344 356 357 363 496 276
231 394 395 276 408 281 411 422 304 314 324 460 471 486 488 234 240 369 250
232 384 385 261 421 295 329 444 319 449 452 417 457 350 353 235 366
233 261 400 275 416 417 291 426 441 322 485 465 316 494 378 298 255
234 402 290 419 274 427 444 318 450 466
235 393 270 406 409 291 297 308 312 441 317 322 313 363 492 372 378
236 258 273 409 416 418 298 428 449 324 458 379 238 445 383
237 259 390 391 269 427 419 292 448 454 461 467 245 361 377
238 390 396 400 285 294 431 444 448 354 485 363 496 290
239 404 423 301 311 441 449 462 336 476 465 372
240 389 390 393 417 430 304 445 460 461 467 345 482 358 339 245 374 381
241 387 414 289 296 434 441 449 460 467 470 487 360 372 380 382
242 384 396 272 282 286 418 419 423 315 317 451 326 329 459 398 487 497 244 373
243 257 294 424 301 430 306 331 457 459 465 339 344 357 369 460
244 384 385 395 398 405 410 296 469 421 353 488 364 496 250 341
245 408 417 302 306 439 320 327 329 482 480 481 485 486 489 364 380 381
246 401 278 420 426 303 309 460 337 492
247 398 400 283 419 444 320 336 263 491 492 375 380 382
248 385 260 261 281 419 439 314 323 326 487 489 370 380
249 392 393 395 397 402 403 407 408 281 411 431 305 307 446 364 366 254
250 258 266 273 405 295 418 435 438 322 326 332 333 474 479 485 495 251 383
251 389 262 274 407 413 291 421 423 303 443 316 445 347 482 402 379 380
252 265 408 280 414 294 423 336 308 479 447 454 311 480 353 357 371 372
253 260 394 404 388 432 311 308 331 386 472 479 357 362 485 366 370 374 379
254 386 387 280 293 308 439 316 451 455 456 460 333 355 360 361 490 495 489
255 261 400 280 409 411 424 437 352 326 327 341 359 490 360
256 390 400 275 279 281 283 419 297 300 429 438 332 465 346 347 478 485 375
257 289 295 425 426 431 434 460 337 345 476 349 478 482 374 381
258 384 260 451 310 460 312 483 345 476 352 360 492 383
259 266 267 406 285 422 423 314 460 469 351 488 367
260 262 266 272 276 283 422 298 450 376 444 366 489
261 390 398 278 410 418 433 437 325 456 337 489
262 263 412 413 453 296 333 471 486 491 381
263 269 403 279 413 304 421 492 326 342 348 364 332
264 266 279 415 420 324 463 336 466 352 353 487 490 380
265 301 305 309 443 418 475 481 360 361 364 379
266 385 396 311 453 327 458 471 344 493
267 272 410 283 429 309 441 317 449 323 396 462 465 488 490
268 413 415 418 420 436 439 441 451 461 346 475 480 443 492 375
269 452 409 283 285 426 436 440 315 324 458 477 350 361 363
270 273 294 423 305 308 449 353 313 344 346 481 377
271 274 278 414 296 426 352 322 324 331 476 361 368 375 381 383
272 404 417 294 438 312 327 457 330 335 348 289 370 379
273 393 402 275 421 296 449 459 333 340 476 353 356 357 358 364 495 424 375 377
274 394 396 402 411 498 430 306 318 455 489 370 376 276
275 397 276 407 285 420 427 432 437 333 334 467 422
276 299 280 278 411 416 359 423 327 431 306 438 451 455 468 476 361 490 491
277 394 399 400 282 288 328 312 313 323 478 353 491 366
278 390 415 293 425 435 454 342 493 341
279 405 407 417 420 305 314 447 320 321 333 334 339 292 476 380
280 392 367 368 327 433 434 445 453 455 331 464 467 342 347 362 496
281 387 393 395 368 420 424 425 311 343 473 484 494
282 406 408 416 286 438 321 326 481 330 474 353 377
283 385 399 408 410 294 313 474 478 352 357 379
284 393 395 404 406 285 432 333 477 480 364 496 375 382
285 386 407 292 412 433 452 457 336 342 343 472 345 484 368
286 409 302 323 331 335 465 344 495 371 382
287 387 391 398 420 295 427 302 304 306 444 446 449 450 353 468 480 482 485 489
288 387 396 413 422 297 434 415 328 358 359 489 377
289 386 391 395 406 296 458 338 343 344 354 491 372
290 470 401 422 498 435 417 332 345
291 393 396 405 491 440 444 338 467 344 479 484
292 305 436 441 447 320 453 477 464 488
293 448 402 440 450 452 454 328 462 346 348 490 341
294 385 388 295 425 431 432 314 336 465 340 470 345 352 485 358 362 495
295 390 406 388 414 417 440 452 439 468 475 480
296 388 303 413 299 302 310 319 331 476 358 491
297 414 423 462 333 334 471 344 351 359 444 365 494 381
298 387 404 433 432 305 439 440 441 313 454 457 338 467 486 492 368 375
299 385 403 410 415 369 427 311 323 456 335 484 361 363 424 382 383
300 385 367 414 304 433 311 323 465 339 346 365
301 404 495 439 458 470 358 368
302 402 420 334 333 464 339
303 386 495 414 422 315 317 446 322 457 349 486 488 364 367
304 423 348 317 341 346 476 373 378 426
305 411 429 449 466 468 347 485 380
306 404 405 433 437 441 453 455 463 344 353 486 376 377 379
307 390 435 449 328 463 337 473 335 478 351 486 425 382
308 401 417 326 430 311 447 330 461 335 470 474 475 464 368 377
309 387 400 407 421 425 312 313 461 337 469 483 486 367
310 434 313 451 464 482 483 360 497 370 372 375
311 384 408 435 445 326 455
312 415 426 462 330 334 337 339 341 470 485 492 497
313 386 392 406 407 422 314 316 322 451 462 470 351 359 373
314 400 355 442 450 453 463 483 352 361 366 367
315 390 402 350 320 324 334 471 346 488 369 371 377
316 344 418 347 423 435 443 320 450 333 466 486 494 498 383
317 404 405 432 456 334 337 336 495 368 376
318 410 415 419 420 437 448 458 346 368 373 490
319 420 432 438 325 455 332 466 341 488 361 370 381 469
320 401 453 425 435 440 451 325 456 457 459 345 475 485 378
321 403 414 418 332 338 485 372 377
322 386 419 429 432 433 443 460 466 349 359 360 370
323 391 424 426 438 464 465 471 472 476 489 493 375 382
324 419 331 333 468 350 352 359 361 365
325 409 420 327 498 445 455 329 461 466 344 349 480 487 491 496 378
326 405 411 412 422 442 330 473 483 494
327 401 366 347 430 434 440 449 475 480 362 365 494 497 498 371
328 393 349 475 458 339 345 347 477 357 361 367 379 383
329 450 416 452 459 461 357 359 489 362
330 388 391 393 430 334 477 481 361 374 380
331 387 413 476 429 460 334 472 347 348 350 490 498 372 375
332 384 397 433 342 377 353 496 498 383
333 427 351 443 460 464 399 348 477 363
334 375 400 401 418 420 454 460 412 370
335 385 396 399 404 406 421 341 482 484 485 493 467 380
336 391 397 428 351 465 495
337 412 452 343 476 365 374
338 392 401 409 473 474 351 485 487 367
339 392 401 453 482 495
340 389 392 399 491 415 425 436 347 350 366
341 397 401 405 413 486 491 371
342 384 397 418 429 458 446 447 455 419 470 474 351 356 361 499
343 392 427 430 432 348 478 491 367 377
344 405 454 432 444 462 348 349 490
345 387 396 406 482 371
346 387 392 490 369 381
347 388 398 407 414 438 460 471 492 369 383
348 410 418 425 428 457 458 464 349 354 487
349 398 419 429 436 444 462 463 465 468 484 373
350 398 421 369 434 432 435 455 461 484 353 355 487 498 382
351 396 415 448 454 468 463 360 491 374
352 449 395 406 436 469 477
353 403 408 417 443 458 465 378
354 390 392 399 461 475 364 493 494 381
355 406 417 423 448 464 356 490
356 388 392 412 419 427 430 436 455 358 360 496 488 374
357 394 396 456 458 495 376 383
358 394 432 425 446 448 454 486 370
359 389 396 417 454 481 372 383
360 369 448 438 455 468 495 370 376
361 408 432 458 499 382
362 391 407 424 449 442 479 483
363 414 433 441 444 463 419 468 470 474 479 483 492
364 396 462 495 424 371
365 493 405 433 458 479 370
366 385 459 479 481 371
367 389 390 394 429 416 445 452 479 491 493 379
368 411 449 471 492
369 391 402 416 432 460 479 492
370 389 429 457 404
371 395 472 410 436 454 479 488 499 374 375
372 386 392 396 399 409 433 464 477 492 496 381
373 398 409 414 482
374 389 395 407 412 439 424 462 464 497
375 386 406 469
376 400 495 426 427 428 440 443 473
377 389 405 423 471 481 498 378
378 399 421 446 447 456 477 499 382
379 404 432 436 439
380 404 427 434 466 496 426
381 451 436 496 498
382 403 408 418 465
383 413 434 443 455 487 489
384 394 409 424 455 465 466 469 472 420 493 497
385 398 420 448 456 462 484 478 481 422 405
386 452 461 468 475 476 481
387 389 443 437 459 463
388 405 421 434 435 469 483
389 405 420 433 438 448 459 467 470 484 488
390 444 449 456 446 484 491
391 451 409 416 454 456
392 427 397 401 407 423 433 477 468
393 399 411 422 435 443 455 478 480 487
394 403 415 427 435 452 476 482 483
395 403 436 455 467 478 483 490
396 470 410 424 433 444 449 453 487
397 403 446
398 401 408 451 453 454 461 468 488 490 496
399 421 443 452 454 458 465 467 474 479 490 499
400 428 435 463 479
401 404 422 441 450 474
402 415 423 437 438 488
403 414 416 442 447 463 472 479
404 431 435 448 450 461 479 497
405 408 424 436 464 465 483
406 417 445 466 478 488
407 414 423 451 457 470 485
408 474 425 426 452 482 485 495 498
409 410 431 433 437 476
410 411 412 417 418 427 431 435 460 482 493
411 418 442 483 499
412 473 421 442 451 453 480 465 495
413 427 438 447 450 469 481
414 424 427 434 445
415 424
416 418 442 444 453 475 478
417 421 451 459 463 466 473 492
418 433 434 499
419 421 425 436 437 447 470 485 489
420 488
421 439 472 484 487 493 467
422 454 450 451 490 494 495
423 424 469 472
424 433 437 443 457 493
425 429 441 451 472 493 478
426 447 456 474
427 441 495
428 432 453 474 487 490 494 496
429 430 443 444 451 470 475 484
430 448 455 456 460 465 472 475 480 482 491
431 434 448 463 478 445
432 472 437 461 466 469 476 479
433 440 445 460 466 485
434 473
435 469 479 487 498
436 446 486 489
437 439 443 450 461 464
438 442 463
439 450 459 466 484 495
440 493 443 458 450 467 471 474 464 495
441 452 487 492
442 466 471 445
443 448 453 491
444 458 471
445 492 446 451 466 467 470
446 468 469 489 497
447 496 499
448 449 483 468 480 482 485 492
449
450 484 497
451 453 458 459 473 494 499
452 467 468
453 464 471 492
454 455
455 459 488 497 498
456 460 467 486 490
457 489
458 472 483
459 471 495
460 495
461 462 468 490 491
462 473 474
463 477 486
464 491 492 493
465 472 476 487 495
466 480 481
467 472 497 498
468 497 492
469 479
470 484 494
471
472 475 494
473 474 498
474 491
475 495 497
476 481
477 498
478 484 497
479 481
480 498
481 487 488
482 483 493
483 496 499
484 496 486 492
485
486 489 495 496
487
488
489 494
490 499
491
492
493
494 498
495
496
497
498 499
499
