#build_topology.py 100 15 global 0.05
# GMT Fri Apr 26 02:14:11 2019
# 
0 97 66 35 5 65 9 11 14 99 17 83 46 54 24 28 29
1 65 98 66 6 7 12 13 51 20 23 57 90 27 60 36
2 75 6 71 15 79 43 14 47 40 82 20 85 56 91 42
3 37 77 79 81 50 84 21 22 87 88 90 47 28 53 69
4 99 70 7 41 10 46 84 53 86 55 26 59 85
5 96 83 27 45 46 51 84 78 87 88 57 58 59 31
6 7 73 34 47 80 18 20 24 89 39 31
7 11 69 39 80 9 75 77 16 35 87 90 60
8 32 65 66 34 69 38 11 77 49 18 21 28 61 95
9 33 35 36 38 42 76 46 19 22 24 25 30 31
10 32 34 99 73 42 11 66 15 16 49 21 90 59 29
11 32 91 97 48 78 15 16 79 53 22 87 58 47
12 32 65 34 37 33 66 93 45 80 17 51 85 89 92 61
13 17 65 81 78 80 88 21 22 55 57 90 93 53
14 66 75 71 72 79 43 47 17 83 87 55 59 62
15 96 34 67 54 38 39 66 17 50 86 73 93
16 96 36 38 40 51 84 30 39 52 27 28 61 62
17 64 67 36 38 70 71 40 85 23 88 60 62
18 96 67 36 70 41 76 46 78 54 57 58 27 90 69 21
19 65 75 70 43 44 77 46 47 81 52 78 54 87 60 61
20 97 42 77 78 82 83 62 22 23 58 93 30 63
21 98 41 43 34 35 58 91 60 26 30
22 37 74 45 46 48 83 54 23 92 31
23 65 69 38 41 39 44 50 83 88 90 30
24 98 70 40 42 44 45 46 47 83 78 55 88
25 35 68 72 74 43 79 80 50 99 30 56 47 29 62
26 97 66 69 39 40 71 76 78 81 86 89 92
27 98 38 44 79 49 54 55 58 28 37
28 96 33 70 42 43 76 81 91 84 85 57 60
29 64 38 73 43 77 81 84 59 55 88 91
30 68 70 71 77 78 48 85 86 87 59
31 33 35 65 40 44 78 50 85 41 57 53
32 96 66 38 71 48 82 83 55 56 57 92
33 97 40 41 47 48 92 44 93 63
34 98 69 39 43 86 93 94
35 65 98 68 81 40 80 49 50 53
36 50 76 82 77 49 57 58 91 60 63
37 96 65 98 68 81 67 53 87 89 59 61 63
38 96 75 54 43 99 86 56 92
39 80 41 82 59 62 63
40 64 41 44 56
41 64 66 71 77 82 51 52 89
42 96 97 99 46 47 48 49 52 56 74
43 76 79 89 84 90
44 96 99 50 49 82 83 84 92
45 64 97 99 69 76 82 73 90 59 63
46 54 73 89 90 59 86
47 83 55 91 63
48 65 74 75 76 78 52 84 58 60 95
49 98 81 82 54 56 68 59 95
50 69 73 86 88 90 62
51 72 80 56 54 55 88 89 58 69 63
52 64 99 70 97 76 82 89 73 57 62
53 98 73 77 92 81 99 60 93 62
54 74 80 89 90 91
55 59 73 74 77 79 91 56
56 64 75 79 85 60 61
57 83 85 87 93
58 97 72 74 87 88 62
59 70 74 77 62
60 96 67 76 61 95
61 96 66 72 84 86 92 95
62 89 84 86 87
63 97 76 87 94 69
64 66 99 69 70 71 72 79
65 68 85 93
66 67 82 88 94
67 96 97 70 76 80 87 89 94 95
68 70 74 79 82 85 88
69 83 91 95
70 74 75 92 94
71 99 86 81 76 91 95
72 98 99 90 80 84 87 95
73 98 78 93 91 94 95
74 77 81 83 86 88 95
75 96 91 88 84 90 93
76 79 90 93 95
77 97 92
78 81 83 87 94
79 80 88 91
80 86 85 92
81 99 86
82 96 91
83 92
84 94
85 96 98 92
86
87
88 90 94
89 98 95
90
91 97
92 93
93
94 96 97 98 99
95 97
96
97
98
99
