#build_topology.py 1000 20 local 0.05
# GMT Fri Apr 26 01:23:30 2019
# 
0 32 194 675 325 550 392 265 74 876 493 502 8 596 694 215 348 409 347 444 261
1 386 771 664 157 424 429 46 413 54 579 458 343 88 350 992 743 619 620 112
2 627 865 327 355 388 6 167 968 107 647 206 797 593 82 403 149 740 890 508 125
3 672 161 707 196 209 743 905 10 999 876 811 913 690 179 97 376 538 827 924 362 551
4 520 778 651 707 277 662 283 926 548 807 437 569 60 963 325 463 861 94 488 889 251
5 903 522 19 539 806 809 815 305 60 906 74 463 854 353 227 380 878 367 371 634 508
6 133 6 11 270 533 38 297 176 821 699 831 456 468 91 477 991 340 623 114 632 852
7 427 519 266 622 158 164 423 681 171 687 817 830 704 961 710 464 337 474 167 878 375
8 641 152 26 173 430 821 570 195 76 588 77 475 860 992 995 741 750 751 369 244 506
9 653 786 928 423 687 52 448 581 838 72 846 996 859 735 865 868 551 497 626 505
10 320 449 582 39 684 555 387 530 146 419 180 691 22 87 956 756 595 732 793 958
11 390 270 143 528 17 275 179 949 824 449 194 329 851 655 221 737 493 880 759
12 128 705 278 933 615 104 362 204 626 624 594 52 350 470 281 312 665 987 980 702
13 224 766 739 797 453 838 39 520 268 622 911 16 178 596 702 343 378 38 154 606
14 387 644 531 20 516 548 939 560 568 185 581 977 468 726 696 615 756 631 852 505 635
15 768 259 647 265 400 428 477 440 57 319 706 323 474 605 350 95 736 874 880 575
16 642 758 742 502 331 598 922 829 48 49 402 499 820 278 841 858 774 29 666
17 752 419 470 806 577 392 379 234 268 814 80 435 436 447 86 952 688 924 735
18 225 738 355 358 680 908 746 652 588 366 159 595 980 373 311 377 699 471 829 415
19 705 100 485 870 881 145 810 427 364 621 750 685 368 657 711 148 496 637 190
20 897 20 534 154 26 798 36 810 556 950 836 585 330 460 981 860 996 366 505 510
21 896 736 835 39 40 775 255 946 559 305 595 788 341 537 728 89 634 891 222 621
22 768 902 420 293 806 686 819 445 843 213 214 984 602 866 38 871 753 882 631 509
23 766 603 838 204 190 944 529 306 419 821 498 375 283 313 90 571 445 574 671
24 901 780 782 404 24 197 805 167 954 317 325 587 228 608 866 868 233 234 237 110 760
25 391 142 794 796 564 696 444 574 319 842 587 595 853 744 363 877 238 886 888 633
26 646 524 274 666 802 163 943 816 951 185 700 823 722 726 859 97 230 503 764 767
27 571 389 230 520 522 93 367 657 146 403 510 949 917 121 981 911 924 638 670 895
28 652 291 709 166 295 124 731 236 557 301 145 722 819 469 151 408 851 543 316 991
29 864 144 987 516 357 775 990 713 139 565 879 691 245 329 169 911 669 766 389
30 642 389 649 660 30 543 34 678 447 710 200 975 988 608 865 743 362 495 506 895
31 672 172 418 748 98 73 522 812 589 334 413 778 382 349 462 922 827 508 972 540
32 64 292 829 289 521 279 684 493 463 531 530 819 84 873 408 793 346 637 117
33 384 641 251 644 645 486 808 439 876 590 76 43 882 951 694 137 324 667 380 542
34 160 995 484 358 967 746 369 596 440 920 340 638 438 952 820 58 271 476 478 312
35 896 769 262 522 285 416 929 163 687 308 959 962 707 70 978 547 99 873 749 113 760 761
36 394 907 912 794 670 799 684 322 579 198 713 330 333 984 987 868 112 113 760 510
37 512 384 776 47 923 430 943 816 55 184 448 201 78 212 484 105 106 752 245 763 253
38 659 404 668 551 313 316 702 453 330 462 468 221 222 487 295 120 637
39 384 131 677 326 391 716 363 524 189 852 982 919 966 52 986 668 74
40 523 941 153 426 427 685 561 562 691 201 586 851 214 90 101 102 489 882 373
41 519 779 652 656 791 539 673 930 931 170 433 438 698 60 317 74 331 609 482 572 378
42 448 257 963 982 742 617 106 812 781 987 113 774 118 409 825 538 415 572 765 863
43 928 961 834 163 100 518 967 173 751 579 819 629 105 794 351 221 833 63
44 521 268 269 657 985 163 676 421 174 569 833 67 140 333 723 852 471 217 229 998 890
45 768 848 66 867 582 513 650 589 686 637 880 419 116 480 631 564 314 411 925 627
46 288 737 66 228 773 146 935 877 335 336 320 371 276 281 410 251 845 478 816
47 772 493 527 146 836 674 475 550 679 685 708 326 328 722 467 987 352 489 877 245
48 288 225 451 861 449 552 361 296 191 707 144 561 690 563 982 571 828 125 862 895
49 512 472 154 943 690 700 830 354 87 600 729 350 98 357 103 746 622 112 241 247
50 386 650 656 786 413 415 544 293 552 431 187 316 66 963 196 459 338 345 489 253
51 392 784 914 414 349 51 822 314 192 587 334 208 93 607 740 365 623 368 248 510
52 769 130 876 903 498 526 879 401 562 211 405 918 430 665 574 325
53 386 515 516 282 155 292 943 316 835 843 461 340 983 860 635 103 871 364 884 245 123
54 418 643 740 742 870 743 776 489 139 973 718 527 401 774 147 564 856 276 539 157
55 790 407 676 308 693 438 184 317 450 585 206 340 604 861 738 105 108 501 886
56 525 273 669 799 932 815 560 434 436 565 698 187 322 451 198 967 970 89 359 246 124
57 782 131 772 677 534 331 812 82 558 816 914 596 542 406 887 308 250 219 150
58 939 389 903 915 543 811 684 63 335 211 215 735 736 998 745 492 365 761 254
59 224 738 451 164 133 657 104 745 859 430 465 370 789 974 342 153 735 296 701 613
60 555 546 163 134 838 296 139 582 781 653 488 67 870 83 123 861 799
61 129 875 356 326 518 385 969 746 171 108 622 304 945 611 118 87 632 857 682 383
62 768 587 139 388 726 647 649 196 523 525 752 691 148 405 886 137 695 153 314 459
63 288 624 230 488 764 170 530 646 431 528 82 723 308 630 503 473 698 796
64 480 675 708 566 966 455 324 937 266 550 236 310 562 235 951 150 791 153 348 118
65 768 641 195 452 101 710 937 471 686 112 483 948 85 905 664 249 544 247 189 703
66 149 865 779 932 165 385 391 747 562 881 334 343 346 124 573 734 405
67 516 389 656 914 924 415 295 177 453 329 724 214 992 482 995 617 371 378
68 289 83 193 519 841 715 551 367 88 434 115 190 577 376 225 319 220 669 990 575
69 736 192 322 650 127 377 654 529 242 531 74 446 438 823 953 923 671 714 894 789
70 734 770 421 614 243 743 461 749 307 998 789 726 441 984 825 191 507 766 693
71 384 288 930 611 294 849 977 365 494 989 472 659 691 755 824 730 753 732 797 734
72 320 705 323 100 614 807 778 814 721 434 739 713 120 164 186 699 701 382 959
73 769 765 580 618 102 321 296 841 252 108 541 975 464 328 755 885 604 317 446
74 773 776 529 414 548 709 830 448 718 723 891 614 626 251 382
75 673 162 359 296 458 738 174 880 881 722 948 149 662 88 249 378 911 426 478
76 641 898 648 783 665 418 932 295 552 431 433 954 586 804 399 744 499 116
77 288 898 374 356 133 711 840 554 523 302 560 211 404 790 215 476 765
78 352 806 258 323 580 197 102 808 810 80 776 978 611 693 214 791 858 731 959
79 322 131 132 517 358 200 540 747 844 860 605 689 84 950 983 820 634 220 102 94
80 801 386 228 310 647 812 749 479 432 177 820 154 823 155 988 602 350 799
81 901 777 155 160 283 804 293 168 174 432 184 443 448 465 346 231 109 110 624 887 766
82 864 97 546 163 966 780 302 925 688 145 210 899 788 760 890 186 222
83 160 96 98 611 773 711 360 129 842 843 332 414 661 886 228 671 125 958 127
84 588 961 546 315 726 379 713 234 204 306 209 349 789 86 527 188 221 341
85 737 899 164 773 438 745 938 439 108 782 783 338 115 727 918 137 676 987 195
86 960 480 203 804 805 100 201 842 523 301 254 758 729 612 90 316 926 479
87 192 230 934 241 550 396 589 622 911 728 755 980 158 600 882 670 293
88 900 139 913 279 964 283 429 686 833 451 209 725 855 223 488 749 496 766
89 272 154 539 161 291 682 303 442 578 195 973 465 987 870 887 760 122 767
90 128 417 514 547 711 362 231 647 174 208 432 820 631 443 426 158 816
91 960 835 356 390 327 326 436 652 142 847 752 775 676 340 981 470 793 217 570 817
92 636 706 997 902 433 296 713 522 647 306 338 947 628 341 869 793 159 188 458 447
93 96 822 165 253 357 521 235 940 685 526 861 113 918 727 217 507 573 425
94 577 610 515 849 136 579 396 685 336 616 914 307 917 438 791 920 987 510
95 897 651 269 405 801 690 436 313 708 328 330 723 377 730 231 360 248 761 893 254
96 288 516 295 328 567 371 620 749 270 717 496 273 562 595 308 186 154 316 231
97 384 777 541 849 550 811 157 567 706 715 337 471 483 294 615 362 494 755
98 704 321 315 709 936 743 460 366 687 497 658 185 949 462 984 217 475
99 960 545 546 772 773 422 999 841 910 142 816 721 946 853 873 793 569 668 605 213
100 587 675 964 139 135 777 811 911 580 210 404 789 376 977 444 189
101 514 908 911 528 158 553 171 306 819 567 441 570 373 977 991 615 243 757
102 683 775 657 538 544 289 171 629 965 585 720 864 230 370 628 885 891
103 640 289 995 873 395 492 621 591 560 978 563 368 791 280 442 731 540 766 629
104 541 161 164 934 681 432 822 312 573 319 578 835 289 202 213 599 479 239 638
105 392 393 782 917 924 165 184 609 466 342 983 344 353 360 367 114 383 127
106 416 481 290 289 396 268 418 365 881 370 659 790 409 218 635 860 673 261
107 161 165 358 328 873 971 620 110 413 976 856 180 791 120 762 347 444 730 895
108 352 833 964 169 774 137 212 567 495 661 118 478 345 508 670 703
109 390 521 522 156 414 560 266 448 834 964 327 968 211 215 856 988 297 751 116 631
110 545 163 774 615 361 266 877 334 112 150 183 120 665 123 892 285 606
111 198 994 674 299 260 613 518 135 456 169 906 365 336 872 563 276 501 918 702 325
112 608 967 221 938 523 445 690 276 756 804 293 948 751 605 383
113 352 960 901 871 552 141 879 656 372 693 790 889 350 508 574 853
114 640 417 226 835 676 641 968 138 747 567 400 785 659 788 950 919 953 948
115 642 269 783 147 148 165 678 939 200 313 828 575 328 723 487 625 403 894
116 960 865 684 743 842 455 748 622 498 690 437 247 875 839 297 446
117 610 451 357 326 841 137 457 524 386 718 879 742 227 441 249 410 428 380 998
118 929 139 613 305 840 201 696 752 248 661 952 202 314 380 714 318
119 529 531 148 281 796 818 573 574 319 450 200 849 213 342 600 250 350 885 122 507
120 993 773 727 811 299 975 240 526 838 238 919 176 986 222 229
121 240 472 741 840 813 526 397 816 232 307 788 222 534 696 250 783 254 917
122 913 833 834 203 517 385 200 363 269 270 301 944 465 338 935 505 284 894 805
123 545 932 806 518 142 394 143 497 594 947 276 766 694 823 505 282 220
124 352 896 781 229 714 239 909 526 429 368 337 532 761 346 667 574 511
125 320 739 581 934 465 907 930 157 784 145 469 343 787 835 188 602 127
126 654 400 402 148 540 800 302 947 821 312 316 586 466 377 996 871 236 888 761 894
127 130 270 655 663 793 412 926 301 824 959 320 590 974 989 492 496 636
128 752 834 163 485 519 232 170 207 445 347 498 183 564 570 315 477 254 442
129 261 136 782 913 664 411 553 308 568 825 573 324 845 205 603 610 494 495 752 369 253
130 130 264 397 398 528 162 816 949 310 183 321 455 985 605 992 612 875 511
131 193 356 374 646 200 139 940 813 223 816 915 628 310 953 184 804 219
132 176 473 475 807 935 471 151 464 978 180 213 311 592 596 378 175 892 670 703
133 577 227 870 449 469 550 430 781 144 742 499 884 878 592 166 549
134 137 267 524 141 173 294 552 685 965 974 336 271 868 359 619 881 372 374 888
135 258 705 526 911 528 275 667 669 559 693 833 584 716 221 608 488 873 243 510 766
136 609 932 183 297 394 939 716 975 628 562 692 887 664 665 571 988 349 831
137 320 514 615 616 431 727 430 175 241 535 824 633 591 381
138 865 290 740 710 360 906 459 712 274 782 303 400 785 147 310 439 792 473 465
139 475 485 390 234 782 850 243 468 759 569 731 990
140 832 321 675 358 455 553 234 871 385 401 660 193 244 757 928 999 761 670 236
141 783 592 932 773 906 747 972 685 239 880 660 371 180 368 624 219 604 637
142 657 380 670 930 297 566 450 454 333 733 607 487 745 244 885 632 764 254
143 899 781 657 793 581 564 697 442 833 579 964 197 840 715 591 467 346 885
144 246 263 649 618 528 922 591 464 216 178 627 214 440 313 282 189 927
145 896 897 992 257 460 691 192 848 440 499 309 352 536 332 635 958
146 513 515 644 492 653 655 900 932 940 563 587 464 739 620 884 380
147 640 521 779 663 536 921 287 288 546 682 941 306 721 980 992 487 491 511
148 160 289 482 516 679 424 494 175 968 916 437 857 827 915 765
149 449 292 244 456 297 682 777 785 850 947 852 542 470 983 569 572 990
150 385 546 485 409 849 235 706 367 271 152 821 759 696 602 239 316 381 709
151 393 513 994 451 228 620 648 812 554 296 556 397 680 735 954 379 794 638 223
152 799 929 259 901 742 551 521 471 300 582 246 792 705 155 671 733 222 965
153 864 945 732 683 428 704 629 752 693 766 982 745 954 540 154 639
154 905 915 217 537 666 286 301 565 192 332 248 214 746 491 504
155 224 464 291 644 901 454 705 680 811 971 781 493 469 601 949 981 351
156 512 673 476 196 873 426 651 781 877 753 786 914 586 598 887 428 621 202 543
157 608 289 907 872 583 524 877 271 816 881 435 769 548 540 253 479
158 672 161 802 699 230 295 808 682 689 979 277 886 600 987 170 719
159 532 302 161 945 173 174 817 182 829 205 979 220 604 862 991 354 356 614 660
160 736 355 645 807 457 938 197 290 386 873 848 434 489 773 319 415
161 517 904 662 601 804 813 818 950 842 600 865 228 750 502 379
162 865 939 547 264 843 813 367 505 344 947 674 629 787 729 975 355
163 427 388 933 262 171 626 965 437 633 218 767 885
164 544 952 484 230 520 618 813 559 760 658 243 968 625 408 623
165 770 902 903 267 526 785 414 676 559 315 706 217 877 366 892 253
166 273 793 674 426 556 181 310 442 702 454 327 586 717 866 233 619 764
167 905 283 348 428 559 819 692 697 966 842 333 338 604 993 486 749 241 758 765
168 864 449 226 643 344 769 968 425 653 993 882 483 853 498 695 792 282 893 542
169 776 921 964 286 933 558 696 319 452 712 847 592 440 727 861 421 361 505
170 672 393 226 683 897 427 332 866 175 336 657 908 822 407 949 382
171 389 792 797 542 423 556 175 692 709 844 336 980 353 483 615 233 883
172 802 965 967 808 668 554 811 236 770 238 175 817 786 852 181 631 413 636 972
173 266 655 792 686 687 287 571 447 832 708 968 972 207 351 993 240 758
174 417 454 711 552 812 683 621 654 176 594 883 278 248 445 894
175 640 710 967 872 940 813 776 888 824 857 730 828 522 606
176 258 227 834 461 483 498 403 884 982 503 820 890 891 828 474 703
177 273 274 689 309 184 829 319 181 838 583 723 219 732 477 228 487 237
178 769 770 518 664 541 671 946 820 703 576 843 591 594 343 858 978 368 758
179 450 868 422 871 424 524 426 363 908 590 560 306 740 630 184 889 452 798 661
180 779 528 913 281 516 927 805 551 682 564 543 702 723 858 862 746
181 256 320 293 881 892 842 503 527 499 628 533 887 568 966 410 572 797 926
182 576 692 387 996 486 454 705 648 364 751 803 596 534 439 440 953 443 382
183 516 261 904 915 277 536 921 545 424 194 477 606 610 740 229 237 381
184 576 801 898 932 793 879 816 547 569 553 860 837
185 246 866 996 805 358 292 331 434 270 653 304 753 274 918 484 890 645
186 899 675 679 947 443 189 328 593 723 735 481 935 237 624 754 246 893
187 928 992 994 579 781 325 646 530 715 940 690 814 397 531 211 975 348 741
188 526 197 262 520 700 682 555 812 814 970 433 238 920 948 922 637 287
189 675 774 651 435 797 272 498 371 310 377 442 400 604 445 511
190 256 257 642 899 228 362 594 560 928 626 275 948 630 852 644 790 996
191 994 259 324 838 487 746 458 760 880 952 817 339 374 376 281 637 868
192 763 196 808 307 924 587 923 749 526 405 248 996 479 476 255
193 758 454 935 936 265 398 317 880 593 313 308 470 855 988 925 689 511
194 354 387 676 198 589 500 407 438 759 603 442 527 316 733 709
195 322 865 681 874 247 204 495 313 211 981 375 440 890 271 572 957
196 861 868 230 297 498 701 944 561 658 532 600 543 925 958 597
197 770 282 285 546 421 678 948 955 964 334 335 850 730 735 622 382
198 353 569 711 808 316 265 941 860 206 337 788 725 630 233 634 476
199 480 643 934 657 552 489 713 556 429 302 205 936 274 596 661 599 313 796 349 350
200 897 514 641 405 295 560 438 328 843 730 862 351 485 368 500
201 592 226 542 356 871 236 240 525 272 849 291 629 764 446 287
202 770 507 613 390 487 617 791 582 206 367 720 858 441 570 603 250 798
203 928 253 930 579 996 743 210 714 231 685 910 941 720 904 658 302 885 538
204 514 389 808 323 994 270 660 499 574 375 472 631 954 383 350 767
205 908 909 398 528 788 284 285 927 553 692 821 311 319 963 842 717 745 363
206 640 737 554 678 935 936 974 688 264 597 215 377 251 317 394 491
207 992 322 519 595 297 523 780 429 370 307 661 857 890 923 380 285 437
208 555 674 643 868 829 710 481 395 620 322 750 559 854 923 316 413 702 255
209 768 393 273 530 791 923 796 413 681 303 689 214 990 610 871 622 503 760 637
210 513 834 230 807 584 301 717 942 783 880 369 724 629 374 504 527 501
211 809 324 578 615 948 521 618 657 659 916 610 707 489 764
212 352 587 291 261 711 874 299 910 242 307 980 694 599 472 825 543 255 933 511
213 266 789 535 666 862 684 309 955 706 455 845 721 340 222 736 337 893
214 450 401 914 287 952 825 572 578 583 592 865 489 874 353 509
215 256 515 267 837 931 549 941 437 325 328 976 851 698 615 877 376 250
216 770 775 905 642 279 665 538 283 543 696 955 330 975 339 615 874 747 750 638 767
217 407 296 309 965 455 841 844 719 848 722 862 618 370 892
218 961 838 647 941 391 333 656 561 851 916 277 985 344 569 986 347 572 906
219 928 481 500 517 359 554 523 528 498 467 660 279 916 252 954 884 607
220 928 900 711 296 703 746 811 744 976 241 465 903 597 463 445 574
221 659 284 673 938 557 942 824 570 714 472 480 612 231 753 248
222 526 403 920 679 430 819 706 595 742 359 239 882 883 381 894
223 642 784 277 796 552 425 944 306 698 315 451 719 344 858 747 364 506 383
224 545 642 995 918 583 456 809 970 684 686 559 304 565 246 796 394 287
225 901 520 272 275 542 939 558 755 821 961 970 332 349 225 368 243 361
226 783 451 294 703 835 326 714 845 347 735 354 869 359 787 633 763
227 695 408 942 567 578 325 454 455 439 601 859 351 738 613 753 869
228 587 945 746 971 679 943 498 468 724 989 875 865
229 480 417 521 854 551 744 745 656 529 499 382 374 824 986 636 229
230 919 922 929 704 716 463 853 857 608 738 742 363
231 438 791 716 269 681 943 945 888 307 758 727 397 382
232 384 930 651 420 993 970 798 849 946 531 280 405 414 315 917 539 446 501
233 343 739 453 839 444 714 265 848 618 579 633 697 698 700 874 990
234 560 707 433 616 940 238 495 775 529 402 632 815 732 446 351
235 385 773 774 396 527 400 799 936 287 701 460 751 552 245 502 248 506
236 578 635 964 805 747 532 980 788 247 537 474 763 570 318
237 805 736 994 484 933 934 810 598 614 654 381 339 838 341 374 970 575
238 513 515 804 517 486 743 680 681 908 655 851 629 375 542 995
239 768 833 387 292 741 649 288 591 808 594 724 951 644 509 959
240 672 864 546 355 584 372 971 749 541 402 692 632 404 431 892 285 798
241 390 908 910 406 283 709 944 561 949 445 357 487 935 370 762 379
242 539 801 483 971 966 263 487 300 493 718 359 529 383 406 983 697 314 795 511
243 900 281 539 689 696 827 957 590 473 864 612 829 630 249
244 901 800 429 317 703 451 970 587 461 595 596 485 486 368 510 638
245 701 611 548 743 909 395 365 496 274 387 728 442 571 915 741
246 288 484 861 993 521 811 972 573 336 344 338 435 529 959
247 320 675 837 710 883 348 906 492 556 403 819 986 891 476 349
248 898 654 918 819 544 939 974 977 380 748 629 764 895
249 640 391 264 524 915 790 663 537 800 291 812 440 828 460 845 988 992 355
250 512 417 578 491 388 454 536 263 311 785 305 469 696 284 597
251 256 772 263 905 786 541 286 440 831 580 845 360 620 761 447
252 618 452 741 582 903 297 746 876 925 938 805 501 375 920 591 476 829 927
253 544 866 840 720 511 757 502 535 920 857 859 671
254 831 697 649 906 273 301 431 753 370 980 665 985 765 798
255 672 379 421 679 843 593 627 981 895 919 408 601 506 411 315 549
256 395 268 542 798 548 937 426 557 692 957 326 339 340 348 997 745 596 639
257 609 885 325 712 809 653 857 541 820 628 670 478 889 854 447 266 798 895
258 579 388 709 520 330 620 338 273 594 729 405 759 857 858 603 586 606
259 522 912 786 417 944 311 830 588 340 604 480 656 482 487 468 763 764
260 906 983 780 772 674 677 306 435 693 574 831 707 979 855 492 621 494 623 759 636
261 904 655 916 663 943 689 697 720 977 597 604 735 609 365 893 853
262 900 264 778 788 930 675 827 321 717 849 470 600 477 882 886 376 895
263 290 547 836 326 391 649 825 307 527 355 425 281 796 861 446 767
264 906 408 412 931 988 810 317 446 847 340 732 354 483 484 359 874
265 321 779 402 916 277 665 298 692 704 717 354 995 614 497 502 893
266 385 802 683 711 894 545 898 984 590 954 956 318 991
267 870 322 299 294 490 395 613 365 462 591 816 307 755 565 376 987 810
268 768 418 291 937 876 590 879 700 306 309 598 856 410 316 922
269 387 775 904 940 668 453 544 806 303 315 837 844 848 353 879 629
270 449 363 646 561 456 329 298 459 817 999 640 759 635 959
271 388 453 390 583 712 616 590 753 467 625 602 383 700 520
272 322 899 386 615 360 842 418 398 653 368 986 754 665 570 507
273 706 390 625 619 598 482 466 789 918 345 543
274 771 911 790 819 691 310 828 725 727 478 351 361 495 380 381
275 514 905 400 402 280 412 549 680 696 703 576 330 984 740 808 893
276 641 772 773 910 917 408 928 823 448 800 456 988 479 878 884 374
277 542 726 641 778 999 844 493 529 373 982 420 507 573 286
278 384 505 453 519 713 460 835 978 659 901 823 856 313 730 883 926 287
279 641 834 995 502 806 705 490 304 881 627 838 470 852 955 636 429 959
280 449 971 307 805 295 777 779 845 321 909 725 771 953 705 411 794 447
281 539 923 383 843 717 911 912 465 722 787 468 987 991
282 960 673 322 899 734 968 298 331 846 975 725 502 299 825 510
283 538 802 421 938 565 312 959 588 973 730 603 935 882 509
284 777 539 668 797 414 680 430 563 951 827 707 969 695 334 470 755
285 513 900 786 924 711 825 961 580 326 967 334 857 738 361 759
286 523 962 699 423 623 411 396 514 718 687 304 531 916 333 354 429
287 545 995 732 497 905 842 525 493 789 889 634 506 589
288 928 934 616 556 597 794 955 880 957 798 821
289 523 646 327 332 397 303 554 531 568 671 860 845
290 773 904 787 409 670 551 939 807 819 697 702 575 416 969 734 359 361 875
291 545 325 615 951 296 430 613 689 291 439 314 863 666
292 576 480 454 600 297 362 847 920 693 662 504 761 927 509 533
293 799 822 998 529 369 746 780 722 660 343 923 703 629
294 320 416 902 593 428 834 462 303 880 465 949 983 494 763 957 927
295 516 966 936 750 360 676 500 663 569 932 732 927
296 408 741 552 764 299 520 630 856 382 296
297 481 744 806 843 466 456 338 478 509 318
298 450 395 374 568 843 619 748 688 632 903 981 921 408 810 378 698
299 736 323 678 349 462 808 498 405 342 409 399 925 382 351
300 384 525 563 788 549 433 817 434 307 442 322 866 606 354 358 375 888 511
301 768 784 553 810 324 470 600 656 999 360 766 374
302 854 422 433 936 713 777 719 401 501 566 631 377 807 382
303 771 772 647 912 387 534 797 556 557 560 308 710 348 515 503
304 537 409 799 677 550 810 582 329 861 494 884 373 632 506
305 512 353 615 558 844 590 975 497 307 916 309 695 404 672 540 959
306 578 619 529 875 690 719 913 818 643 785 527 525
307 577 939 485 558 724 654 590 318
308 519 907 550 680 426 439 829 447 596 697 736 938
309 480 816 651 976 744 810 427 592 400 758 631 890 859 506
310 612 454 646 503 713 375 847 338 723 436 727 539
311 544 376 421 778 599 944 785 339 723 887 792 665 379 764 958
312 480 352 581 585 842 716 720 945 594 531 404 919 600 537 880
313 643 820 379 809 970 985 633 634 313 575
314 737 452 342 455 841 491 813 432 465 980 446 697 477 991
315 912 662 668 419 681 558 830 832 578 329 602 626 633
316 648 424 822 446 965 327 458 335 988 490 883
317 390 776 397 787 918 921 946 318 594 859 608 866 491 754 891
318 976 355 900 933 550 945 855 723 688 593 340 729 507
319 609 997 518 993 747 527 532 942 439 728 826
320 513 803 390 776 329 459 988 784 945 565 831
321 450 803 812 617 841 938 489 882 565 728 721 604 541
322 847 358 778 977 818 675 663 371 399 796
323 355 741 806 977 360 827 549 463 881 498 755 469 489 927
324 960 672 868 966 499 914 782 909 849 882 529 541 925
325 805 743 427 451 848 500 910 825 764 709
326 352 995 932 539 496 753 600 697 828 731
327 994 419 964 517 364 653 881 382 537 730 604 670 485
328 339 385 710 967 650 428 685 371 623 634 478
329 546 548 747 716 850 989 786 467 980 610 862 863
330 399 405 824 707 459 339 599 911 915 484 752 659 372 630
331 672 708 743 584 618 395 812 589 786 339 887 635 701 478 543
332 992 930 806 769 617 620 697 976 850 440 673 443 894
333 391 908 334 926 961 580 453 972 974 718 473 988 734 488 495 882 887
334 770 517 777 807 412 556 817 948 578 514 346 862
335 645 650 907 909 910 916 926 839 335 854 600 479 868 746 754
336 449 963 941 880 871 456 841 651 419 976 469 438 713 803
337 384 834 619 870 844 941 847 880 385 801 435 472 538 509
338 386 678 487 652 685 463 401 728 953 399 797
339 385 867 612 633 433 635 536 660 981 694 537 379 767
340 992 964 805 583 489 687 712 937 510 655
341 640 388 614 545 809 365 816 433 882 755 566 793 436 762 509 949
342 960 545 835 799 743 394 809 462 640 875 731 634 831
343 488 971 460 381 784 664 866 670 502 728 958 991
344 896 457 899 763 747 686 559 784 649 377 431 380 508
345 837 679 808 812 650 466 931 957 786 691 500 982 536 763 797 830
346 421 582 423 488 651 812 781 430 721 946 947 826 893
347 644 649 531 534 664 388 684 836 966 847 594 472 473 731 860 503 511
348 486 550 394 491 353 971 687 888 902 407 984 987 991
349 898 971 804 553 967 972 419 562 372 487 729 475 979
350 774 904 396 534 415 810 571 975 724 350 754
351 384 962 568 455 905 370 751 560 589 977 891 914
352 384 512 965 616 746 939 749 912 407 889 442 543
353 785 795 926 810 692 823 697 954 574 461 476 607 996
354 939 742 422 456 715 622 397 720 851 951 761 926
355 645 531 405 938 903 962 840 975 720 356 530 628
356 800 449 994 804 613 425 940 685 827 595 500 985 444
357 422 518 897 455 531 403 980 528 792 505 911 785 884 981
358 907 917 931 426 561 837 464 851 853 598 719 502
359 387 682 364 498 404 441 858 475 874 830 639
360 576 977 744 695 557 655 688 552 982 855 824
361 656 420 838 998 535 566 685 686 909 724 502 887 478
362 641 418 645 584 652 624 606 662 673 632 633 701
363 640 837 465 777 583 972 910 847 913 462 623 474 927
364 450 419 900 822 533 650 588 367 573 403 730 831 989 606
365 763 646 521 427 781 463 710 689 826 702
366 547 452 937 714 555 770 686 461 726 677 853 598 996 607 923 829 645
367 424 874 523 909 690 851 436 854 631 632 733 799
368 393 691 412 561 826 993 862 736 998 507 511
369 651 919 546 420 568 828 840 467 993 867 700 749 371 372 373
370 645 394 562 813 976 850 692 790 664 889 986 668 606
371 689 944 945 695 958 965 461 609 751 627 635 380
372 898 777 471 912 805 702 594 983 728 991 998 627 631 377
373 996 709 593 840 682 812 880 404 577 984 666 700 893 965
374 621 528 408 674 934 573 578 712 998 492 375
375 866 828 428 750 921 817 723 501 502 857 494 885
376 939 707 963 904 758 909 749 433 739 660 406 569 984
377 449 766 583 527 385 817 801 691 532 622
378 705 421 513 808 452 909 430 912 814 692 537 919 708 511
379 909 802 675 678 817 711 589 464 984 482 867 500
380 384 897 906 793 432 566 957 959 995 748 380
381 576 733 421 910 825 942 525 944 562 533 536 669 414
382 577 581 651 497 558 392 731
383 679 685 693 957 565 580 838 588 485 620 502
384 832 706 548 773 454 642 561 757
385 864 676 969 733 592 970 728 604 543
386 422 998 873 582 754 691 918 537 857 607 608 767
387 391 908 410 415 553 818 954 715 730 859 755
388 768 711 457 780 987 819 916 725 890 799 733
389 773 715 546 880 529 818 787 447 534 951 440 767
390 992 803 932 486 554 492 557 724 763 923 415
391 449 482 741 810 807 403 662 471 698 956 778
392 644 837 520 519 456 585 621 720 850 436 661 662 666 860 542
393 418 644 805 657 881 908 898 400 466 500 502 868 890 764 829
394 611 514 771 617 877 558 947 532 599 824 595 828
395 994 802 739 868 893 717 942 792 632 860 669 703
396 898 775 840 617 461 649 397 624 500 505 858 778 959
397 512 806 486 476 441 653 479 664 444 575 767
398 675 932 455 647 425 683 514 622 417 820 577 965 604 574 636
399 832 701 708 902 651 815 856 595 771 803 895 732 893 606 703
400 913 789 666 802 420 934 574 706 453 712 969 741 758
401 480 481 708 458 491 525 563 594 933 888 441 965 507 926 485
402 737 514 598 748 845 559 977 724 438 953 794 698 666
403 815 515 616 844 431 438 445 591 476 573 677
404 611 420 423 648 554 855 899 471 900 858 455
405 643 677 696 826 578 728 994 484 889 508
406 788 794 676 422 936 883 564 950 966 461 466 596 491 494 755
407 832 993 807 904 759 788 749 653 721 852 537 923 458 830
408 418 837 748 744 435 533 985 996 634 507 477
409 417 451 548 558 561 899 628 757 933 441 958 639
410 896 514 937 427 621 943 684 579 534 856 462 655 474 799
411 903 909 791 810 839 819 824 956 711 589 723 493 758 767
412 480 928 782 772 585 968 974 976 721 626 852 981 758 979 729
413 875 519 785 924 801 419 689 581 457 718 985 751 889
414 897 642 523 452 481 907 979 414 420 890 543 863
415 464 903 425 844 942 848 852 734 696 605 831
416 734 458 610 519 990 809 712 429 494 493 625 542 502 956 893 565
417 897 771 661 675 941 431 688 690 442 833 748 630 887
418 608 482 676 965 521 599 813 581 781 494 997
419 803 682 614 753 815 443 531 589 828 606
420 768 473 521 709 552 427 428 616 591 535 761 922 925
421 516 812 528 551 940 435 846 469 606 496
422 992 680 558 586 555 814 497 709 875 494 604 861
423 449 837 774 937 848 758 978 787 534 473 794 969 477 735
424 614 873 524 717 527 976 593 500 920 698 797 511
425 577 546 904 801 936 745 599 807 561 466 449 855 733
426 514 803 772 901 679 652 844 626 569 603
427 800 646 968 694 879 689 950 729 858 753 725
428 457 899 795 523 719 648 691 762 859 989 735
429 706 599 714 683 588 465 449 595 822 979 729 628
430 474 609 922 711 684 876 942 670 885
431 474 460 842 523 495 792 469 599 576 570 669
432 893 488 615 815 817 628 565 605 760 948 721 571 670 959
433 627 705 611 996 872 684 946 602 979
434 952 993 803 737 584 747 921 968 498 451 524 889 479
435 898 612 878 618 814 925 816 886 629 791 729 444 709
436 800 450 955 927 555 911 466 500 586 607
437 669 653 524 461 532 580 953 533 792 985 477 911 829
438 913 532 702 835 589 465 730 887 638
439 783 769 517 737 875 837 621 814 943 982 439 997
440 643 650 688 565 443 705 962 674 461 735
441 480 705 484 876 752 851 692 580 568 648 554 677
442 645 662 668 936 458 973 464 720 611 870 763
443 640 672 835 773 487 747 541 797 753 599 792 997
444 627 715 485 712 882 849 690 563 601 570 572 634
445 963 460 843 652 476 989 945 981 878 729 762 703
446 833 795 932 599 973 910 976 853 571 990
447 705 674 475 900 481 809 683 589 821 989 501
448 621 877 837 583 556 605 785 499 482 905 632 763 956
449 786 559 850 601 592
450 920 803 678 559 563 716 717 719 478 739 495 510
451 960 673 835 647 908 810 876 590
452 809 547 623 970 875 844 813 925 915 662 855 571 990
453 496 872 459 597 982 985 569 813 605 517
454 665 800 811 699 967 720 985 877 878 883 630 504 509
455 517 521 672 932 459 715 619 764 510
456 750 847 803 742 519 904 914 859 958
457 704 486 550 839 534 823 594 852 918 471 564 507 892 895
458 665 546 814 832 843 461 979 865 739 623 887 504
459 640 930 740 840 841 663 915 766 836 986 573
460 770 710 518 681 723 525 915 661 726 478 869
461 784 530 816 682 559 945 820 693 597 497 810
462 896 801 971 747 583 525 982 535 698 828 922
463 736 994 902 633 779 612 722 564 512 663 696 793 572
464 768 971 693 627 501 580 657 953 669 542
465 864 513 749 748 673 682 889
466 966 934 682 597 719 912 818 500 917 637 863
467 516 902 651 789 534 535 802 834 841 588 722 474 867 485 495 497
468 571 676 710 487 651 663 493 602 826 891 715 989 991
469 768 688 962 667 583 776 587 955 660 757 795
470 653 515 846 869 905 951 631 877 870 888 764
471 899 682 942 818 704 592 721 473 734 485 615 508
472 672 538 643 709 683 748 973 647 723 500 579 572 862
473 669 614 649 908 783 721 754 628 982 952 955
474 962 644 925 567 738 655 629 630 537 857 698
475 483 886 934 712 618 595 691 536 923 540
476 896 515 800 680 558 692 566 876 885 505
477 555 708 529 904 521 679 910 814 571 924
478 580 549 688 883 983 827 830 895
479 738 492 808 842 525 526 721 530 666 604 701 671
480 870 840 942 548 984 728
481 705 994 580 897 488 654 530 947 955 796 938
482 854 744 747 930 531 597 982 630 669 894 799
483 642 835 550 743 940 554 723 577 952 657 698 830
484 962 571 910 505 499 758 794 635 930 837
485 896 908 537 831 968 844 588 738
486 645 490 796 742 979 918 919 994 570 541 959
487 992 545 714 754 627 795 862
488 739 868 870 872 780 879 689 659
489 901 902 662 947 699 834 721 607 873
490 736 673 646 839 968 619 492 557 975 688 658 660 754 784
491 672 964 811 812 687 885 544 671
492 886 577 706 790 534 660 629 799 890
493 994 779 946 599 856 735 668 719 639
494 611 731 646 530 819 516 891
495 514 900 747 652 657 504 569
496 872 616 650 589 997 719 849 756 761 538 639 794
497 672 571 748 970 715 620 557 690 596 826 543
498 870 657 835 566 631 921
499 913 554 907 717 944 854 748 639 700 701 549
500 567 974 873 846 601
501 996 869 838 843 562 755 756 632 697 699 606
502 996 842 554 693 632
503 771 777 921 923 815 712 590 985 620 624 888 508
504 614 933 616 619 530 656 564 533 856 825 763 956 586 965
505 805 762 753 566 617 954
506 560 863 835 549 942 531 659 592 912 955 764
507 977 996 833 839 974 915 916 932 763
508 928 512 677 646 557 590 752 692 823 634 730
509 642 699 933 805 555 819 821 600 938 670
510 867 581 646 938 784 881 804 856 794
511 769 931 847 731 924 894 865
512 578 582 743 617 941 752 882 662 634 801
513 813 797 699 962 709 585 602 863 747 628 632
514 900 795 674 977 980 870
515 736 803 822 870 563 756 696 666 638 757
516 739 900 588 595 825 762 883 925
517 736 555 901 902 711 553 518 754 697
518 896 777 790 560 984 601 860 734 614 745
519 784 531 928 554 823 958 526 884 758 889
520 706 582 998 593 618 807 814 916 661 918
521 676 567 939 919 986
522 828 551 648 883 798 531 788 789 857 724 574
523 962 867 791 655 691 719 632 575
524 608 897 802 644 922 878 712 968 798 639
525 992 966 871 872 647 756 793 858 959
526 963 713 875 813 750 888 697
527 801 679 612 582 779 653 872 603
528 904 535 603 935 690 946 692 578 613
529 951 594 655 533 758 638 668
530 863 900 530 683 752 969 887 536
531 645 921 731 610 630 639
532 896 834 931 566 593 841 587 557 756 635 796
533 963 741 715 584 907 655 570 762 765 959
534 771 683 814 956 576 733 994 744
535 547 581 774 872 844 557 558 817 948 538 924 639
536 834 867 602 886 743 904 679 972 816 563 854 952
537 707 964 968 554 973 970
538 800 912 876 652 605 917 983 538 733 821
539 601 931 932 615 562 920 740 602 763 959
540 644 555 727 877 635 625 819 885 822 663 760 859
541 556 781 688 712 773 566 919 732
542 549 817 585 716 726 631 956 572
543 934 820 709 586 722 607 881
544 653 658 678 940 947 951 580 594 732 998 746 622 634
545 627 816 943 813 847 659 901 607
546 611 978 866 744 940 562 931 767
547 739 677 778 781 920 883 725 919 738 603 734
548 737 962 871 584 650 994 625 726 734
549 875 862 841 587 867 912 662 574 636 701
550 769 912 806 823 577 709 584 592 985 871 750
551 928 627 867 708 966 913 757 891 571 893
552 777 748 557 623 914 562 926 639
553 862 834 836 874 797 688 787 558 924 926
554 962 811 594 733 862
555 896 768 612 604 754 947 948 809 778
556 771 846 558 951 717 686 662 602
557 871 707 967 780 818 963 918 830
558 802 740 617 593 628 700
559 673 674 755 965 859 990 917
560 960 982 631 936 694 869
561 738 714 972 744 660 566 729 666 863
562 997 614 794 578 952 670 757
563 804 678 728 721 995 982 863 765 575
564 914 817 713 580 848 852 862 867 999 756
565 769 901 937 907 785 999 924 863
566 804 933 860 944 872 602 636
567 642 902 909 654 669 677 938 700 702 770 581 848
568 726 778 657 669 676 970 598 601 737 738 762
569 643 916 798 838 722 996 892
570 896 899 811 570 979 888 698 795
571 608 931 976 716 854
572 832 773 821 837 913 851 663 574 959
573 643 836 614 639 912 977 968 831 949
574 892 751 793 874 702
575 864 995 726 584 579 621 622 656 722 598 837
576 937 907 716 973 783 904 911 623 828 882
577 896 930 849 951 976 809 762 861
578 832 866 931 595 885
579 641 687 849 787 692 788 769
580 797 706 839 978 739 743 881
581 809 821 961 603 861 612 869 753 890
582 768 835 698 842 656 817 625 671
583 865 987 710 808 618 660 920 943 789
584 779 764 711 936 732 813 752 825 892
585 770 906 972 808 690 990 840 641 957 833
586 905 667 803 935 808 964 985 733 866 616 888
587 775 803 932 810 694 967 974 594 632
588 653 993 681 782 661 694 835 700
589 805 935 793 654 597 760 906
590 832 708 648 856 921 762 894
591 640 832 934 646 999 718 700 946 695 923 845
592 707 680 689 946 762 959
593 896 931 681 941 914 760 957
594 706 795 847
595 737 898 677 712 942 661
596 775 776 785 788 811 947 605 886
597 945 828 778 716 817 980 795 698 990
598 688 614 936 764 973 687 744 825 703 669
599 704 771 652 729 639
600 903 674 947 950 951 826 965 602 887
601 995 869 997 907 645 658 852 888 607
602 662 648 728 916 844 723 920
603 707 836 623 759 782 867 840 655 645
604 706 875 910 891 801 798
605 705 613 839 624 826 635 954
606 896 673 968 941 811 724 950 952
607 994 836 906 978 758 667 892 989
608 775 742 914 936 941 968 997 880
609 610 643 676 839 971 760 658 935 824 680
610 875 833 716 683 973 818 859 989 638
611 648 906 803 686 960 724 846 740 623
612 740 764 967 964 708 697 665 766
613 832 784 898 987 731 807 841 817 949 790 637
614 768 928 929 961 623 629
615 962 911 861
616 785 799 936 942 712 971 616 765
617 704 716 983 914 867 917 954 672 860 638
618 976 747 746 623 839 787 953 957
619 896 900 701 623 952 773 853 955 927
620 806 752 627 886 920 921 956 641
621 833 836 646 777 839 799 667
622 689 714 811 820 782 982 632
623 964 948 956 841 855
624 737 898 773 775 745 687 916 826 719 894
625 864 802 748 674 718 945 882 851 757 823 856 635 793
626 640 910 791 926 941 824 834 857 955 869 626
627 738 724 949 723 894 767
628 776 873 972 941 852 953 730 703
629 939 740 968 663 891
630 996 724 791 851 991 906 895
631 726 648 658 666
632 678 690 885 884
633 704 997 680 875 717 654 879 823 948 734
634 912 971 780 784 856 697 827
635 983 660 921 964 798
636 999 874 811 695 783 855 694 951 927 637 767
637 929 898 759 820 853 919 798 857 855 702
638 726 839 684 973 786 760 701 927
639 678 658 984
640 832 750 681 757
641 961 804 877 880 755 952 988
642 781 788 789 683 818 847 719 741
643 931 869 808 974 721 731 700 917
644 770 771 745 654 848 707 979 663
645 908 656 792 669 811 831 837 743 888
646 803 958 700 734
647 776 849 821 887 984 836 783 885
648 992 733 805 742 943 931 826 879
649 897 904 675 809 818 670 952 846 858 869 876 763
650 961 869 754 724 933 986 687 860 762
651 657 914 807 924 953 726
652 673 772 666 873 879 852 788 988 682
653 774 906 780 654 761
654 950 780 658 915 985 890 702
655 714 954 814 792 923 733 863
656 778 804 698 833 969 766
657 907 690 817
658 724 681 674 751 753 788 846 664 761
659 960 772 934 846 751 851 948 791 894
660 909 879 849 786 819 796
661 961 902 704 687 856 815 732 728
662 739 676 941 910 815
663 930 891 774 750 694 948 670
664 869 712 727 752 981 760 761 956 766
665 871 883 696 889 859 752
666 704 890 758 892 958
667 993 933 983 975 977 869 758 986 827 842
668 897 929 898 960 975 983 762 849
669 870 916 950 762 735
670 779 966 761
671 960 679 941 980 853 727 826 796
672 674 904 971 783 990 807
673 778 933 686 724 864 740 741
674 794 930 829 701 974 874
675 706 677 938 877 782 722 831
676 683 813 933 829
677 972 813 849 725 772 858
678 704 718 786 852 830 787 891
679 769 935 823 876 749 783 759 926
680 929 708 742 855 878 694 797
681 945 840 780 931 721 860
682 912 922 731 870 999
683 864 708 938 987 733 862
684 930 932 742 906 848 890 704
685 870 710 906 853 923 989 830
686 800 773 967 859 846 856 879 902 780
687 972 976 907 981 787 701
688 931 999 941 984 727 991
689 786 939 967 723 988
690 913 978 745 828
691 800 948 954 703 837 714 741
692 920 943 711 718 985
693 804 969 775 693 980 762 703
694 801 914 814 917 858 859 733
695 865 866 870 967 878 751 697 856 793 859 703
696 907 804 810 987 747 765
697 882 964
698 706 894
699 704 869 929 843 893 979 759 868 956
700 864 712 983 795 862
701 995 970 752 765 727
702 903 798 939 824 969 842
703 973 997 894
704 847 966 986 735
705 942 829 978 744
706 985 957
707 971 997 875 878 890
708 998 943 981 920
709 844 786 842
710 738 873 976 947 841 953
711 960 782 913 822
712 879 782 981
713 961 834 771 774 802 919 731 829
714 715 979 854 887 920
715 871 988 993 886 732 797 862
716 899 934 903 815 983
717 806 901 903 884 794 893
718 899 939 953 956 972 989 865 999 744 879
719 746 866 757 822 815 860
720 836 925 938 779 940 815 722 851 926
721 994 810 756 763
722 804 843 957 734
723 904 763
724 946 774 924
725 903 841 813 922 943 854 986 958
726 825 786 787 767
727 837 874 871 914 983 826 830
728 995 806 876 931 817
729 739 969 818 949 982 986 831
730 833 969 876 915 927
731 827 740 903 792
732 748 892 816 984 753
733 840 851 875 810
734 909 796 978 980 854 867 752
735 977 749 954 981
736 800 907 942 913 757 955 830
737 907 833 851 824 761 794 924 798
738 897 902 949 963
739 828 904 755 760 956
740 944 884 825 765 895
741 801 802 946 984 957
742 928 961 941 781 854 889
743 872 883
744 993 779 908 834 975 751
745 770 998 890 946 892 797 997
746 922 759 953
747 752 788
748 960 837 830
749 754 918 764
750 898 870 939 936 822 920
751 865 836 774 945 753 856
752
753 833 795
754 960 843 911 957 947 891
755 796 892 878 783 905 891
756 800 864 992 902 969 818 788 952 852
757 836 966 806 938 850 901 769
758 905
759 941 983 877 881 776 785
760 838 818 948 957
761 772 787 949 846 882 884
762 867 903 815 915
763 839 963 934
764 823 889
765 928 801 898 782 943 878 857 796
766 768 836 805 911
767 807 905 949 999 940
768 851 888 955
769 928 778 943 912 850 852
770 961 866 935 978 814
771 771 997 803 792 836 900 947
772 876 843 821 888 981
773 989
774 935 905 951 920 999
775 895 869 840 937 782 861 958 863
776 951 785 815 892 925 990
777 915 937 877 847 944 968 883
778 781 961 865 867 891 789
779 935 972 808 850 905 794 922
780 902 885 950 934 794
781 875 883 857 895
782 869 987 833
783 992 812 945 915
784 835 903 971 807 855 991
785 874 942 975 955
786 806 952 894
787 972 937 805 955
788 954 973 986
789 873 898 946
790 833 966 871 843 973 826 860 862
791 994 931 910 986
792 904 846 869 799
793 867 907 891
794 992 872 846
795 938 881 898 809
796 961 999 902
797 861 925
798 832 908 881
799 929 853 951
800 804 813 823 984 863
801 839 937 890 959 990
802 996 973 846 918 952 828
803 999 811 911 818
804 998 821
805 848
806 857 917 950
807 932 826 967 855 986
808 995 966 969
809 833 907 836 883 837
810 895
811 995
812 960 872 919
813 902 827 862
814 839 968 884
815 997 911 922 956 923
816 820 995
817 989 870
818 909 981 990
819 926 969 989
820 937 954 974 826 976 883
821 869 938 950 822
822 923 838 937 844 912 827
823 929 896 964 871
824 830 955 988 989
825 854 969 996 924
826 880 993 855 984
827 976 837 874 944 990
828 920 933 831 972
829 946 883 958 994
830 836 942 947
831 857 944 947 950
832 864 964 876 884 921
833 963 863
834 902 851 899
835 953
836 878 889
837 960
838 965 934 840 947 949
839 863 886
840 932 974 846
841 849 948 926
842 888
843 974
844 886 961 931 989
845 891 855 923 910 913 953 911 861 949
846 853 950 889 927
847 915 900 922 958
848 974 899 885 886 859
849 962 927
850 993 998 929 938 914 915 888 953 897 927
851 962 975
852 909
853 868 940 917 991
854 929 899 940
855 872
856 963 901
857 950
858 931 973 981 889 922
859 921 991
860 893
861 864 957 980
862 925
863 951 924 958
864 939 966 967
865 933
866 954 917 890
867 999
868 897 869 905
869
870 970 871
871 908
872 897 957 909 991
873 879 977
874 988 982 952
875 898
876 878 945
877 881 980 974
878 889 884 922
879 910 944
880 978 936 892
881 961 982
882 929 913
883 893
884 912 903
885 983 972
886 963 906 979 893
887 942 948
888 946
889
890 937
891
892 970 979
893
894 990 950 984
895 971 978
896 929
897 928 937
898 926
899 987
900 904 930
901 974 944 988
902 989
903 937 973
904 993
905
906 921
907 969
908 994 930
909 962 945
910 919
911 958
912
913 997 998 914
914 920 940 986
915 927
916 947 922
917 978 986 926
918 965 919 983
919 935 975 969
920
921 983 942 956
922 936 950 975
923
924 942 986
925
926 943
927 995 950
928
929 931 986
930 977 969
931 973
932
933 960 946
934
935 970 977
936 999 981 944
937
938 944 954
939 958
940 954
941 998
942 998
943 956 974 996
944
945
946 973
947 979
948
949
950 996 979
951 979 990
952
953
954
955 960 977
956
957
958 973
959
960
961 993
962 966
963 997 971
964 988
965
966
967
968
969
970 974
971
972 988
973
974
975
976 997 978
977 978
978 999
979
980 997
981
982 991
983
984
985 999
986
987
988
989
990
991
992 997
993
994
995
996
997
998
999
