#build_topology.py 100 15 local 0.01
# GMT Fri Apr 26 02:13:32 2019
# 
0 64 32 67 36 5 70 65 44 13 15 51 52 90 28 26
1 37 17 73 75 12 77 78 49 50 54 9 56 88 86 94
2 33 99 38 7 41 11 14 93 50 23 24 26 91 61 63
3 32 36 8 42 77 79 50 85 86 23 91 92 93 62 53
4 34 68 8 9 10 13 77 47 82 51 84 46 26 92 30 95
5 33 27 68 37 44 50 46 61 18 20 57 91 28 93
6 96 64 66 73 10 11 76 15 19 55 57 26 92 62 63
7 33 67 71 8 73 7 76 45 16 50 21 58 27 26
8 32 68 34 70 38 14 82 20 57 88 25 60
9 64 65 69 49 74 78 17 50 14 88 33 59 61 31
10 32 68 25 72 23 45 82 52 22 55 38 92 94
11 98 99 66 39 44 74 71 76 35 53 27 42 30
12 65 68 33 71 74 43 45 81 50 56 59 60 42 63
13 65 86 41 45 79 48 19 54 25 91 92 94 36
14 36 37 70 62 76 46 48 81 83 85 54 30
15 34 99 31 28 75 76 46 16 49 54 59 60 95
16 33 66 28 23 34 47 18 51 21 87 45 60 95
17 34 35 69 70 74 46 47 49 79 84 89 26 59
18 96 34 99 72 75 77 46 19 21 86 57 92 94
19 80 66 99 70 77 48 49 85 86 26 54 63
20 32 66 99 68 38 46 47 72 52 54 23 29 30
21 80 67 70 65 40 76 47 53 58 79 29 63
22 65 34 36 38 78 80 24 52 87 88 84 28 29 31
23 66 68 41 46 47 81 50 91 93 62
24 32 65 67 36 38 76 77 80 82 84 52 59 93
25 32 65 36 73 43 78 55 88 90 61 94 31
26 32 34 99 70 80 49 29 62
27 65 39 76 45 78 47 49 75 99 79 92 95
28 32 98 99 65 73 66 78 79 62 31
29 37 73 41 47 82 83 87 56 93 94 63
30 98 40 73 44 50 54 87 71 59 92
31 96 97 98 99 74 43 83 47 61
32 69 43 61 47 99 58
33 97 69 41 39 58 56 90 93 94
34 76 44 45 46 57 59 94
35 65 98 72 74 49 50 95 84 88 58 91 42 63
36 37 41 43 81 85 89 53 95
37 97 99 77 49 81 51 86 90 94 69
38 96 74 98 48 51 53 63 42 95
39 51 73 80 49 83 84 54 55 89 90 60
40 64 98 71 73 42 46 80 81 51 55 89 90 53
41 64 69 72 55 50 84 56 57 93
42 97 70 75 82 55 89 58 59 69
43 96 59 80 50 51 84 53 56 91
44 97 77 49 85 86 57 56 89 95 63
45 91 68 76 48 52 86 55 74
46 78 77 79 52 85
47 96 86 57 90 94
48 96 67 71 72 80 82 52 56 90 62
49 64 68 80 83 89
50 65 90 59
51 68 73 74 54 87 69 95
52 65 88 83 53 90 93
53 64 75 68 70 72 78 79 91
54 66 69 81 84 78 91
55 61 69 77 81 83 88 59
56 87 80 73 58 59 60 90
57 96 65 67 81 87 60 62
58 97 92 82 67 86 60 94 69
59 64 97 83
60 64 96 75 81 82 86 93
61 96 98 66 76 86 88 63 92
62 98 68 74 75 66 84 63
63 97 87 73 90
64 97 75 80 87 88 89
65 79
66 86 71 74 78 85
67 71 75 77 86 89 94 85
68 97 87 88
69 70 78 85 88
70 76 79 84 89 92
71 98 81 72 88 91 93 94
72 82 78 80 83 91 92 74
73 96 99 81
74 80 87 95
75 99 78 83 84 87 91
76 97 77 85
77 80 88
78 79 93
79 96 82 85 89
80 83
81 82 86 91
82 97 98 93
83 97 85 95 92
84 96 98 89
85 96 89 93
86
87 98 90 92
88 93
89 96 95
90 95 94
91 95
92 97
93
94 98
95 99
96
97 98
98
99
