#build_topology.py 500 30 cluster_local 0.01
# GMT Fri Apr 26 03:26:36 2019
# 
0 258 391 386 16 149 397 27 158 31 161 163 422 171 46 306 61 63 448 322 194 75 206 207 466 476 479 492 210 110 372
1 3 389 6 9 141 148 153 291 40 301 305 56 189 193 67 71 457 209 340 92 351 481 226 357 490 496 115 118 248 127
2 387 267 150 409 156 157 421 177 432 305 444 320 194 455 335 465 85 347 93 357 480 227 484 102 358 105 108 369 374 125
3 128 129 392 145 22 31 36 7 176 305 437 182 439 184 317 446 334 463 465 469 347 352 355 237 370 118 124 254 383
4 257 262 266 268 15 271 405 25 26 31 293 298 176 443 190 194 331 207 80 468 85 463 89 399 476 224 485 489 495 113
5 133 395 12 397 14 20 21 406 33 35 296 302 178 307 437 183 63 139 200 76 81 291 340 471 91 221 485 106 111 368
6 133 390 393 395 18 150 412 293 42 299 431 50 437 440 443 448 68 72 79 337 212 85 219 358 102 104 494 488 499 119
7 322 398 271 276 278 289 177 427 304 305 445 319 194 197 198 74 79 84 142 216 96 230 359 111 497 242 499 246 251
8 131 392 273 23 26 157 165 168 47 176 177 308 436 58 316 191 66 201 464 337 467 341 249 221 354 498 116 248 121 380
9 320 133 262 44 140 269 15 179 29 42 427 300 51 181 393 313 188 189 62 447 64 68 459 473 100 104 489 492 245
10 391 265 269 15 18 278 284 420 165 43 302 434 334 80 345 218 475 220 93 481 99 359 492 369 499 464 117 250 125 126
11 385 394 13 18 20 430 411 414 289 422 174 303 435 308 53 318 322 197 201 460 461 450 221 361 274 495 498 246 247 376
12 256 129 260 390 263 147 25 281 156 292 168 284 427 114 177 53 440 315 188 63 325 210 474 475 496 370 374 251 381
13 387 134 141 273 147 397 26 414 162 35 164 43 51 180 309 315 61 451 77 205 419 342 476 351 484 360 490 111 381
14 393 472 149 23 153 282 156 415 291 167 41 42 172 305 308 438 180 444 452 458 463 87 344 348 99 486 236 113 119
15 259 262 136 22 291 293 42 172 431 309 55 314 62 447 456 206 209 211 218 222 352 358 465 363 243 244 122
16 384 261 264 398 30 163 296 297 455 172 306 47 48 434 94 311 452 327 460 79 341 215 475 350 358 487 235 493 126
17 129 397 400 401 147 276 149 417 418 36 305 185 58 315 448 65 67 325 200 465 477 95 99 484 231 232 492 243 247 120
18 258 270 399 408 24 409 27 34 35 302 91 180 66 199 460 340 469 493 95 484 231 488 492 237 239 243 373
19 388 135 271 145 148 149 217 152 153 27 34 292 476 60 317 449 452 455 340 36 348 480 229 360 110 495 369 245 120 382
20 257 263 268 270 400 494 407 286 31 290 426 446 453 333 334 80 466 214 343 344 473 219 483 229 232 238 370 277
21 132 267 399 276 151 282 158 421 425 427 429 349 305 312 57 187 451 325 199 201 467 341 217 93 226 486 248 377 477
22 256 385 137 269 142 149 158 289 70 295 425 170 175 318 191 454 340 216 122 478 223 101 104 234 366 371 378 252
23 128 276 281 283 161 164 167 300 444 68 200 202 335 468 469 471 219 220 221 351 231 234 108 109 495 370 125 85
24 261 134 391 410 282 286 416 40 427 306 310 61 446 66 195 69 454 204 78 81 82 472 345 226 111 497 373 377 122 123
25 391 142 411 160 291 164 70 173 431 48 49 185 444 193 322 453 326 203 217 218 219 100 484 362 109 110 240 120
26 386 144 275 277 150 285 158 159 35 164 44 45 62 191 67 326 209 339 478 352 485 359 491 369 499 447 126
27 259 390 397 142 405 406 282 414 34 49 298 433 182 441 189 193 197 198 202 460 213 88 480 445 117 376 378
28 132 136 400 147 149 278 151 412 160 161 292 37 172 303 182 32 451 325 454 328 76 216 475 222 96 492 366 112 375 376 126
29 128 262 138 162 421 299 44 304 177 51 313 186 316 189 321 206 483 346 314 99 102 486 491 237 495 246 377 124 125
30 261 395 274 408 157 289 168 427 50 54 442 61 62 326 73 330 82 90 219 484 317 496 241 115 318 119 122 379 125
31 384 133 271 275 406 153 415 426 433 182 188 323 68 69 461 99 215 355 487 316 234 491 236 493 244 42
32 259 136 279 280 281 39 168 45 435 61 318 447 64 198 484 463 466 469 89 90 96 353 228 365 110 111 242 381 126
33 384 394 142 282 413 163 294 296 428 303 179 53 438 315 319 448 327 437 334 336 470 89 474 478 481 486 372 246 125
34 129 264 268 141 287 294 296 136 60 320 195 74 331 337 210 468 213 348 349 94 67 228 487 234 365 240 374
35 256 131 136 140 269 273 408 287 288 38 40 302 50 52 182 88 448 72 74 441 472 94 362 366 114 499 372
36 253 435 142 286 289 37 298 427 307 54 439 184 444 200 329 208 83 84 476 478 96 101 230 495 498 124 125
37 393 271 401 277 151 283 453 168 42 171 300 302 53 439 58 317 446 197 199 209 467 348 226 356 493 496 242 339
38 128 259 398 275 412 41 179 180 184 313 316 192 324 203 205 461 80 88 89 92 483 444 491 492 238 112 497 120 255
39 261 134 392 399 400 153 155 297 430 483 50 307 52 438 316 63 450 54 200 459 207 339 471 484 221 99 228 211 253
40 260 393 270 399 149 154 284 159 48 292 166 297 300 304 448 455 75 78 463 81 334 346 357 491 238 246 123 380
41 390 265 395 148 278 412 416 162 164 134 297 49 180 450 202 81 339 87 472 420 92 350 223 354 293 233 119 126
42 132 86 135 138 268 345 414 289 51 311 187 191 69 327 206 337 78 470 473 351 482 104 368 115 447
43 258 259 389 391 139 273 451 494 281 157 174 303 55 184 187 446 322 195 328 211 315 443 110 376 249 251 252 381
44 131 389 263 272 151 284 165 168 299 439 184 186 448 198 76 209 83 216 90 226 230 231 233 490 107 378 126
45 386 260 261 135 268 273 408 281 154 159 417 434 53 184 57 322 201 203 206 84 342 225 356 358 489 242 120 251
46 388 278 391 271 146 277 406 279 303 284 291 420 293 167 299 174 175 305 435 188 326 455 77 87 347 351 366 117 381
47 135 146 156 165 166 423 428 114 434 52 316 450 195 198 460 333 349 223 98 356 357 360 188 107 370 117 119 121
48 384 129 133 262 150 413 304 433 185 444 446 450 71 72 466 227 350 353 355 357 106 107 493 371 118 249 253
49 260 136 147 428 303 312 448 194 452 71 203 206 209 467 340 342 92 350 223 355 487 489 237 370 372 425 382
50 257 258 389 266 270 430 434 52 182 313 186 190 452 198 76 461 464 465 91 348 350 489 111 113 243 126
51 384 136 397 143 344 275 279 283 414 288 294 72 311 314 456 459 332 77 82 212 472 481 355 237 113 371
52 393 138 270 274 404 406 89 156 168 298 430 190 322 459 75 338 340 473 219 348 225 356 107 468 243 377
53 385 386 387 132 146 302 287 419 424 171 174 308 159 328 332 337 212 343 473 223 355 356 106 383 127
54 393 140 398 412 288 163 292 303 183 57 442 190 192 66 197 329 209 472 92 477 486 494 239 243 375 250 252
55 391 392 138 139 402 149 155 291 302 307 180 312 192 193 451 327 239 462 468 472 346 475 98 102 367 117 120 250
56 128 267 399 402 275 148 153 160 431 437 186 443 60 202 446 330 203 83 471 476 442 223 480 485 105 234 491 113 254
57 128 257 262 143 144 148 407 285 292 476 429 302 435 313 187 326 460 208 85 220 351 226 100 103 107 120 251
58 257 261 266 140 287 289 422 303 182 313 442 315 319 448 194 454 72 205 344 217 421 352 443 488 363 371 247
59 131 262 265 141 270 399 472 416 428 175 62 449 195 196 197 326 330 205 341 342 88 478 353 102 232 489 490 237 374 381
60 128 129 259 134 193 138 283 416 262 423 173 438 183 65 464 341 88 90 224 481 229 380 167 365 250 124 255
61 391 144 88 275 217 418 424 426 308 312 441 444 191 333 344 345 474 353 356 109 240 115 472 377 378
62 235 132 403 407 157 160 497 299 301 432 312 189 446 70 73 74 459 337 480 100 363 237 113 250 379 125
63 395 273 276 414 164 165 297 170 300 307 436 188 319 192 321 194 454 203 460 336 337 476 100 111 499 119
64 390 263 142 278 324 410 411 412 159 288 291 167 427 434 436 182 322 452 198 199 210 467 470 343 221 98 499 255
65 384 258 260 264 273 151 158 418 420 421 170 172 311 249 445 447 327 201 75 471 216 217 352 484 108 497 370 377
66 131 145 276 278 218 288 167 296 298 178 309 442 319 67 324 327 72 355 473 90 483 231 232 110 373 249
67 265 398 271 151 417 291 164 425 179 317 447 118 461 207 338 340 354 356 231 234 364 365 241 244 246
68 261 407 270 148 280 409 284 285 104 167 297 175 393 441 319 74 78 82 216 478 101 360 494 241 114 374 123
69 388 133 273 277 283 90 419 420 299 300 306 185 316 318 452 329 210 212 471 218 92 477 355 240 241 248 377
70 258 132 398 405 413 161 165 294 167 298 429 176 433 312 454 71 461 227 219 94 251 422 490 236 240 378
71 145 279 155 157 290 164 309 440 442 315 457 74 332 205 207 340 341 89 476 477 241 242 244 376 250 383
72 387 194 398 414 287 174 436 183 448 449 452 200 76 77 462 463 466 214 93 493 368 370 499 381
73 259 136 289 419 181 440 73 330 75 78 80 343 474 475 476 96 484 101 494 140 115 373 378 381
74 133 139 142 424 306 181 315 194 328 331 204 334 467 86 354 487 488 236 238 168 498
75 258 135 396 145 282 414 422 165 294 348 305 313 320 268 311 214 344 218 476 101 421 362 369 370 248
76 128 130 401 281 162 454 156 300 308 180 314 315 195 204 467 469 217 186 104 491 239 374 127
77 128 387 133 138 280 281 285 157 313 450 203 462 339 340 343 356 476 355 100 357 107 108 83 118 212 124
78 387 214 150 158 389 162 164 295 174 307 309 310 314 196 208 86 88 475 101 241 372 373 248 249 250
79 256 354 153 286 422 174 175 447 201 79 333 335 468 342 216 474 91 94 353 482 99 365 238 495 113 375
80 257 261 393 395 401 274 278 388 160 178 180 310 316 191 196 326 328 203 87 353 98 103 117 248
81 133 136 400 148 281 239 369 169 430 264 306 439 316 447 463 210 335 92 230 487 491 111 168 375 124 254
82 131 261 135 137 404 425 456 435 308 322 455 328 483 469 343 348 222 353 99 356 242 117 85 126 255
83 276 405 89 165 298 313 442 318 194 199 329 461 339 185 88 217 348 351 224 354 356 487 488 238 496 375
84 395 141 142 429 402 415 161 172 431 179 184 267 452 453 289 329 475 220 357 363 492 237 495 116 250 124
85 384 389 137 271 278 158 293 422 479 319 196 200 330 331 343 90 92 223 101 488 361 245 248 166
86 261 265 366 158 167 175 304 440 443 202 373 193 324 204 203 460 465 210 219 480 187 103 238 371 245 248 378 254
87 320 266 397 400 402 404 430 295 301 313 443 448 451 209 213 218 220 227 235 238 367 112 497 119 315 378
88 257 269 399 278 152 298 430 303 435 436 437 310 440 190 322 326 200 209 90 356 487 496 378
89 389 134 267 401 274 410 283 414 162 163 297 305 189 323 202 336 362 381 112 497 246 124 490
90 132 266 146 152 287 293 299 428 441 445 190 455 457 332 468 470 100 358 491 498 499 379
91 263 147 152 293 426 172 178 430 312 186 194 196 97 470 215 217 347 351 353 229 487 494 368 116 120 249
92 385 130 391 265 138 269 274 147 405 151 153 159 129 229 103 362 366 496 254 380 126 149
93 257 172 130 402 158 294 170 428 181 311 324 454 201 461 208 212 474 220 94 479 354 101 230 274 248 127
94 386 132 393 408 154 293 294 295 429 315 444 193 323 324 459 339 468 341 215 219 166 486 359 232 109
95 389 138 395 269 365 160 175 184 323 199 202 337 469 344 221 98 355 359 360 106 109 368 114 499 374 121 250 127
96 387 135 141 143 401 291 430 319 328 458 339 471 473 218 251 100 487 490 365 110 111 112 249 379 252
97 128 130 259 133 392 140 147 148 279 427 287 299 370 303 440 326 327 332 312 466 470 478 360 234 363 496 114 374 379
98 390 268 274 151 280 281 474 146 297 172 447 331 482 210 342 121 346 335 226 493 113 249 183 383
99 263 394 139 365 289 420 421 174 157 439 191 246 330 209 211 213 358 363 108 109 317 118
100 388 264 284 419 295 156 431 442 188 448 450 460 335 214 224 355 361 362 494 242 116 383
101 384 256 388 141 144 148 260 413 166 430 310 449 195 453 471 219 477 400 360 374 276 251
102 133 265 143 274 152 415 419 420 167 498 304 180 317 319 452 200 204 205 206 473 104 236 114 245 376
103 128 398 272 402 148 153 162 166 301 440 317 191 453 204 207 466 472 347 222 223 480 481 104 239 115 447
104 128 406 274 156 288 424 434 179 191 203 209 338 479 362 491 246 376 250 251 380 383
105 128 389 391 265 283 325 163 421 300 174 304 179 186 453 203 336 291 471 216 228 350 464 356 495 496 114 372 121
106 256 107 264 267 140 274 409 154 161 166 423 182 320 450 200 333 205 479 480 227 490 363 492 372 126 127
107 385 389 393 395 396 275 410 160 291 423 178 181 314 320 163 344 477 482 355 243 374 248 125
108 264 270 153 416 240 176 177 182 193 451 325 201 205 211 214 472 217 349 230 359 490 496 371 377 381
109 385 388 267 154 283 290 155 170 300 432 433 438 311 316 449 198 465 214 367 368 113 118 380 255
110 256 135 136 272 404 157 426 173 439 187 446 192 462 210 467 213 342 219 231 488 490 497 383
111 144 274 405 406 290 296 170 444 480 452 453 331 462 219 209 490 493 123 254 255
112 384 140 145 405 281 157 287 161 421 166 177 443 316 195 330 471 483 364 238 497 373 118 251 125 383
113 394 275 281 282 171 180 190 403 354 466 342 446 345 483 228 233 366 368 499 116 249 253
114 394 397 147 406 324 286 287 160 299 428 439 188 446 140 183 332 206 465 485 364 497 118
115 386 390 264 278 280 160 289 425 428 302 431 435 185 442 444 195 197 336 210 349 360 492 245 380
116 141 273 279 423 169 433 178 307 190 452 329 331 212 214 121 348 479 482 483 364 498 249 122 380 127
117 392 148 279 155 286 162 293 166 190 447 199 463 465 340 485 480 228 229 230 488 235 232 446
118 268 400 279 409 156 304 420 425 427 301 441 315 317 325 462 207 412 225 364 367 120
119 128 257 259 136 269 407 282 285 417 292 436 317 197 206 337 334 479 224 225 355 231 497 255
120 257 270 143 413 290 294 426 429 174 434 314 445 319 328 208 211 474 222 239 246 381
121 392 209 142 400 282 303 285 159 418 425 174 433 306 319 456 337 218 222 487 488 233 236 238 243
122 389 391 149 288 424 175 310 312 187 447 320 321 322 195 211 212 473 143 476 481 228 486 492 368 405
123 261 134 393 269 404 406 407 153 287 289 164 297 170 301 182 188 453 457 461 462 335 467 216 477 492 127
124 389 393 394 277 278 155 301 304 436 311 445 191 451 453 483 216 220 478 227 495 499 380
125 235 389 134 215 322 142 163 201 313 190 450 199 329 203 209 343 356 161 236 379
126 363 263 269 271 403 404 151 419 423 178 437 317 204 471 219 230 489 491 375
127 134 396 401 146 406 281 154 290 164 424 178 306 479 451 332 330 205 467 212 219 352 486
128 267 387 172 301 177 460 211 212 344 220 355 359 236 368 499 252
129 384 259 287 419 426 431 442 446 192 194 204 207 469 342 314 356 401 233 234 363 496 374 361
130 256 384 216 387 134 136 137 273 403 153 154 287 290 292 176 182 333 464 472 480 482 235 493 368 382
131 384 135 392 400 279 409 283 284 263 438 312 352 454 202 462 207 184 214 471 216 347 224 244 247
132 141 222 147 276 424 173 179 311 323 454 211 213 219 221 357 359 365 495 496 168 148 251
133 258 135 266 404 163 325 295 299 440 449 456 462 467 345 486 362 238 239 246 249
134 390 275 407 416 418 292 168 170 172 349 178 193 327 204 213 347 477 365 381 497
135 384 148 279 282 284 154 416 292 165 430 432 186 188 446 322 206 463 355 230 489
136 143 278 279 283 167 176 445 450 195 204 336 212 475 349 226 358 496 244 374
137 256 387 264 141 142 271 280 281 419 168 170 302 177 311 442 195 258 459 344 218 314 223 224 364 244
138 385 147 149 279 156 158 425 172 177 309 194 323 198 328 340 377 472 481 235 236 499 212 379
139 262 391 151 396 397 149 345 152 284 285 416 290 293 302 462 207 227 469 217 484 232 240 211 251 379
140 144 414 422 434 184 443 445 328 331 205 464 468 476 222 480 365 239 368 497 247 250 379
141 256 394 142 154 284 282 287 428 179 184 314 321 205 463 336 217 224 212 378 381
142 402 408 154 416 423 299 437 440 443 191 321 309 467 292 218 478 240
143 385 144 274 409 293 422 426 299 430 440 187 193 195 461 463 345 474 347 272 483 494 372
144 448 282 394 395 147 495 154 161 300 436 191 192 196 332 337 342 361 233 363 367 245 489 382
145 384 395 149 281 201 424 302 431 179 309 183 442 296 450 455 200 339 475 488 368 369 403 253
146 387 266 397 270 279 152 414 423 169 435 186 452 476 206 339 348 442 227 356 233 295 236 242 380
147 389 392 322 286 162 475 165 431 437 187 194 291 215 354 227 228 264
148 391 465 420 434 316 245 321 327 329 469 481 485 233 353 496 371 252
149 257 151 284 164 165 307 189 446 450 453 456 472 473 227 486 233 493
150 267 269 275 276 284 158 291 168 169 309 316 201 461 207 337 468 349 479 224 226 361 365 239 375 252
151 392 406 153 286 289 298 175 307 223 447 198 334 214 215 218 478 293 357 487
152 262 486 398 407 153 410 157 416 422 427 310 323 458 331 468 469 475 352 485 230 231 237
153 209 155 301 430 306 441 443 317 453 328 459 205 208 337 342 486 491
154 268 274 277 280 286 169 478 311 185 315 196 325 456 208 337 237 499 249 380
155 261 262 393 161 298 429 303 176 434 182 323 455 330 460 338 215 476 479 359 362 241 380 382
156 278 285 287 300 328 188 246 199 456 332 202 336 472 477 224 492 497 244 245 253
157 261 265 266 269 415 496 169 433 436 320 195 452 466 224 481 482 488 379 253
158 402 285 415 359 430 181 325 461 466 215 487 488 235 366 240 497 370 245 376
159 258 271 404 169 303 306 183 315 446 456 459 340 215 218 479 224 482 228 235 243 248 378 381
160 269 430 406 174 176 435 309 223 188 451 334 208 339 468 225 354 362 364 494 246 252
161 258 215 270 279 422 167 173 431 304 440 323 456 201 343 216 349 489 366 239 370 477
162 391 398 273 406 416 289 418 420 169 176 179 183 197 335 338 480 482 361 368 374 248 252
163 386 387 264 266 395 278 287 177 179 197 456 332 336 466 211 213 472 221 241 254 469
164 268 418 166 174 304 306 319 321 450 333 344 489 490 235 366 369 425 378
165 261 262 406 218 453 291 423 178 182 443 189 325 207 465 211 474 347 231 235
166 264 275 277 333 416 418 297 302 432 186 288 324 329 330 290 461 223 487 370 371
167 258 266 272 402 276 281 175 189 449 329 334 217 225 227 230 362 364 245
168 389 398 409 411 422 429 302 303 441 446 191 452 473 347 353 227 489
169 395 272 195 417 294 437 186 443 449 451 207 345 218 442 478 224 356 499 373 380 255
170 388 389 266 267 400 282 411 300 303 434 187 197 203 205 465 222 227 234 249
171 260 264 272 280 418 423 438 311 189 193 452 198 454 330 439 332 461 485 482 227 486 358 364 495 496 375
172 387 388 261 392 403 279 418 425 181 316 317 326 457 331 466 477 235 255
173 392 404 316 411 418 347 421 300 304 177 439 443 318 449 324 458 332 336 465 219 444 234 492 246 377
174 256 262 277 410 307 325 466 339 212 207 232 362 363 360 376 381 383
175 386 405 413 421 298 428 432 178 181 183 189 447 448 453 206 469 482 357 371
176 270 285 289 290 300 242 308 191 288 323 452 455 212 478 226 230 360 363 498 373
177 390 386 398 276 292 296 297 302 441 232 318 454 336 360 363 238 368 424
178 317 452 181 311 185 445 318 321 196 456 201 439 354 216 482 483 239 245 252
179 389 277 411 309 185 317 446 193 289 457 335 209 210 229 401 233 250 254
180 428 271 273 405 414 417 298 300 429 309 185 190 325 328 205 216 351 489 492 378
181 256 259 388 399 265 417 301 329 313 445 320 322 337 472 217 482 358 231 240 251 383
182 275 406 410 292 433 311 442 453 327 456 330 475 479 358 244 378
183 390 265 266 396 400 408 299 305 313 186 316 319 196 461 211 473 479 486 230 249
184 384 270 279 296 432 440 185 444 318 471 474 219 480 353 359 489 240 369 371
185 495 416 347 436 308 324 341 471 475 220 483 484 379 236 367 370 372 251 381
186 384 342 274 409 282 289 451 326 201 464 214 346 347 479 227 357 359 243 382
187 470 394 396 410 283 287 419 463 306 321 333 335 475 359 232 361 231 237 368 426
188 262 283 413 298 304 305 499 193 458 205 467 471 475 223 488 211 382
189 263 392 269 399 291 428 285 411 191 330 336 318 470 215 391 485 233 496 245
190 321 399 283 288 434 312 442 317 449 197 207 341 470 471 475 477 223 233 496
191 402 345 307 317 311 315 316 250 452 460 465 215 473 349 378
192 256 386 385 450 414 287 295 194 451 198 456 461 397 208 478 272 357 233 237 240 374 375 252
193 258 196 261 405 410 291 350 315 322 452 198 203 341 477 479 371 378
194 217 287 300 445 196 329 203 336 345 221 483 229 237 241 375
195 257 496 293 426 440 444 447 204 290 462 337 477 366 285 254
196 387 396 398 403 404 408 418 422 297 432 436 315 446 449 326 333 365 341
197 264 275 287 288 417 307 308 444 323 310 470 349 227 486 487 362 247 382
198 256 263 431 424 314 331 205 343 348 483 486 232 492 360 374 251
199 266 409 410 284 304 295 432 306 440 322 333 463 469 347 352 356 229 488 241 378 383
200 413 288 300 303 312 318 451 457 207 468 471 217 220 353 228 358 487 233 373
201 273 427 307 308 320 460 202 331 204 464 224 226 358 365 239 371
202 260 390 263 268 278 407 294 450 325 326 335 336 469 218 354 485 486 234 365 380
203 259 412 291 302 436 205 469 480 225 482 357 235 336 371 249
204 264 273 282 410 329 420 429 438 439 312 447 324 457 219 477 481 368 376
205 275 410 413 419 427 323 460 210 223 489 365 368 245
206 260 396 276 293 295 298 428 413 318 301 421 234 235 493 369 377 253 383
207 397 277 283 419 301 432 335 210 221 484 486 368 372 251 254
208 258 272 286 293 430 438 373 321 454 327 458 331 333 462 469 348 227 485 493 495 245 383
209 385 272 443 332 335 464 466 211 399 350 230 236 245 381
210 400 277 411 325 354 341 470 475 478 484 230 361 495 496 247 248 377
211 397 278 419 304 325 269 467 342 344 217 476 238 497 372 374
212 384 265 302 411 412 426 438 451 347 310 360 234 488 298 382
213 387 265 397 273 409 416 291 429 304 307 330 446 324 246 458 333 346 227 230 488 374 381
214 397 272 280 282 428 316 318 328 334 462 493 477 352 229 276 360 365 243 249
215 256 258 414 407 478 411 309 333 463 340 219 221 480 354 373 375 251
216 384 276 409 302 311 320 332 468 472 232 362 368 360 379 254
217 387 409 310 443 453 338 352 228 357 359 367 369 498 467
218 397 272 413 422 310 440 319 399 223 234 496 246 375 252
219 409 491 405 408 478 315 339 341 221 363 375
220 261 399 274 413 296 304 306 499 328 459 339 471 344 487 236 242 371 244 249
221 257 386 270 277 295 435 479 445 459 227 357 487 362 498 254 490 382
222 272 280 411 290 303 309 311 451 458 463 341 470 343 481 360 490 363 250 382 383
223 413 432 435 450 331 460 348 358 237 495 285 245 375
224 385 261 393 400 410 423 304 309 463 342 476 356 491 365 498
225 385 267 269 429 403 280 286 294 428 433 308 314 459 324 456 361 323 492 237 241 246 375 383
226 258 262 391 274 276 406 294 295 426 439 314 458 471 344 348 228 492 493 372
227 257 397 271 293 429 448 455 471 274 372 255
228 398 418 401 432 298 304 433 310 461 337 347 477 360 235 236 366 242
229 387 396 397 283 284 288 419 423 299 314 443 320 460 464 342 477 358 237 378
230 276 407 294 427 458 464 470 474 347 422 338 238 371
231 388 394 400 413 415 421 426 300 303 432 309 446 447 323 454 332 364 275
232 390 394 404 303 417 295 301 431 436 350 316 449 457 466 359 364 372 253
233 260 405 290 292 429 431 310 443 320 451 326 485 364 497 498 499
234 385 367 447 463 462 348 350 482 357 360 364 365 239 496 371 468
235 269 399 276 408 295 370 309 325 463 353 237 366 242 381 382
236 400 275 414 417 421 296 441 322 289 459 465 342 495 369 242 372 376
237 286 418 296 413 351 437 457 312 453 329 339 496 371
238 270 278 290 423 424 297 370 431 307 446 448 327 457 481 489 242
239 258 260 392 276 282 406 434 305 437 449 417 331 474 465 478 357
240 320 386 266 268 407 412 288 430 307 311 324 339 343 475 354 485 360 376
241 405 278 407 414 425 298 309 456 331 464 470 482 497 373 374 376 251 426 382
242 398 271 400 289 421 425 432 307 459 335 336 469 479 368 374 255
243 257 261 265 394 400 277 283 429 430 431 305 449 324 458 331 341 472 483 382
244 386 387 394 333 412 290 444 330 452 329 418 335 467 340 463 478 492 493 246 375
245 259 392 273 301 304 445 472 473 353 360 367 372 377
246 386 260 267 411 434 308 320 470 349 485 362 372
247 262 263 272 281 422 423 317 447 321 457 331 347 476 480 355 485 486 488 338 368 372 374 254
248 386 260 401 405 406 288 417 295 299 428 476 478 483 358 370 254
249 266 292 295 425 308 445 325 458 333 343 346 494
250 267 277 478 414 417 297 433 437 441 479 337 338 471 350 352 488 253
251 301 260 413 423 316 455 332 340 343 350 358 494
252 258 395 386 271 414 420 319 352 456 332 463 344 479 483 357 493 494 495
253 257 399 402 419 427 305 434 436 438 308 447 452 310 456 467 468 471 349 485 488
254 258 262 265 387 277 410 283 474 421 424 431 314 444 324 346 361
255 320 270 401 410 411 418 291 426 299 303 435 327 334 336 338 476 352 482 356
256 393 395 404 412 288 299 306 447 396 335 464 467 351 360
257 409 387 391 407 281 292 435 314 317 376 468 480 358 377
258 406 280 285 306 439 313 455 347 352 353 464
259 263 268 412 414 289 283 296 426 437 442 451 454 336 466 340 345 483
260 399 413 288 292 433 315 459 331 376 338 345 354 358 369 370 379
261 391 300 306 307 352 451 456 464 479 490
262 396 405 388 304 423 298 285 323 484 485 487 359 379
263 397 399 409 417 422 299 301 433 444 396 330 344 359 360 494 497 379
264 384 427 389 395 396 288 420 423 297 434 435 309 460 352 489
265 342 267 398 271 273 405 289 294 315 325 472 425 363 364 489
266 384 275 276 306 283 423 296 427 301 309 328 458 476 350 375
267 385 387 365 401 291 294 305 435 314 317 335 466 483 356 486 494
268 392 272 273 281 414 291 300 351 342 344 479 484 367 378 426
269 397 273 403 278 410 418 294 440 441 453 470 373 380
270 385 429 272 290 301 312 445 463 348 402 498 372 373 375
271 401 405 279 281 282 425 426 429 434 308 474 369 378
272 393 406 421 303 432 440 448 323 334 463 343 482 374 379
273 395 402 422 304 435 317 467 350 351 361 495
274 392 401 405 409 290 429 435 444 445 456 346 382
275 389 292 297 450 460 333 464 471 475 490 367 380 383
276 408 417 327 341 349 354 358 488 377 469
277 388 408 416 425 300 438 462 339 355 358 338 494 373 377
278 295 296 436 394 339 330 334 346 347 499
279 408 287 298 480 323 469 344 477 352 353 356 494 383
280 395 403 407 414 425 427 428 310 449 335 348 484 362 491 364 494 368 381
281 403 284 285 316 463 467 469 335 481 356 497
282 415 421 430 441 318 320 332 476 349 351 483 359
283 399 400 325 292 298 299 303 437 320 352 443
284 394 412 289 295 429 431 435 458 333 475 351 353 496 371
285 389 404 390 295 432 433 449 466 471 472 355 366 499 375
286 391 397 410 411 416 294 423 424 428 433 435 313 319 453 337 470 348 487 492
287 408 417 420 425 310 333 468 341 346 486 360
288 390 396 403 407 412 368 425 333 338 351 354 367
289 391 305 319 457 460 350 354 488 377
290 413 291 420 433 438 322 327 457 459 462 498 373 378
291 410 455 462 349 483 367 382
292 402 413 295 302 306 320 449 323 326 361 376
293 387 395 404 413 296 301 312 373 449 341 353 497 319
294 482 419 420 477 432 307 318 459 461 334 333 466 373 381
295 390 418 389 444 323 453 457 344 487
296 384 385 414 309 310 315 316 318 437 463 347 353 494 368
297 386 396 401 403 432 311 316 321 336 348 493 368 371 378
298 398 409 299 311 457 477 486 444 492 383
299 394 438 313 444 461 376 468 355 365 367
300 385 408 430 457 447 449 329 474 491
301 392 418 422 431 445 330 463 472 474 363 377
302 401 404 415 418 432 329 336 346 479 484 486
303 390 419 328 458 461 464 377 357
304 342 414 306 322 457 480 481 495
305 394 396 404 499 308 309 436 395 462 334 351 480 488
306 430 438 317 394 319 455 341 343 481 443 378
307 411 416 425 433 312 318 451 346 349 481 361
308 416 418 423 312 314 451 324 466 475 349 350 485 377
309 400 406 460 469 477 362 364 445
310 393 403 410 420 325 427 311 450 452 465 341 351 359
311 414 450 329 465 338 347 482 367 498 383
312 385 386 433 319 448 325 353 458 469 364 376 382
313 400 404 407 409 427 446 321 323 453 475 442 484 494
314 388 405 419 425 430 436 445 446 454 330 469 359
315 396 400 403 433 438 329 451 343 348
316 396 448 338 469 472 483 466
317 408 417 439 322 327 329 361 492
318 386 398 414 415 443 455 473 355 357 367 498 382
319 450 398 410 412 324 458 346 481 369
320 406 427 413 433 434 445 458 345 358 359 377
321 386 403 409 431 435 439 453 330 334 397 339 340 499 373 447 381
322 402 323 448 451 453 342 354 366 385
323 397 399 325 429 415 441 474 380
324 470 427 429 433 453 457 335 336 441 361 490 366
325 389 418 458 454 463 466 373
326 363 403 415 458 453 327 328 339 343 350 360 489 491 370 382
327 389 396 494 425 444 458 343 484 486 367 370 376 380
328 399 414 419 421 426 444 343 344 483 361 367 374 375
329 388 436 443 444 449 458 343 479 485 494
330 388 341 409 436 332 461 345 367 373 376
331 404 411 419 371 437 460 342 356 487 361 369
332 404 426 441 456 334 346 348 477 485 358 363
333 388 419 441 445 454 459 345 349 336
334 410 411 445 416 459 476 354 484 488 361 363 496 383
335 394 415 461 462 465 345 350 367 499 380
336 389 416 440 455 482 367 499 489
337 385 391 394 427 431 444 445 418 461 363 371
338 385 401 409 413 415 426 441 442 455 478 360 363 497 380
339 476 398 428 439 440 464 473 355 366 495
340 390 343 387 410 421 422 427 440 464 357 486 360 498
341 390 402 415 347 435 437 450 461 346 374
342 386 391 394 416 432 422 352 343 351
343 411 418 449 459 355 359 378
344 386 390 404 411 419 425 431 441 379
345 393 403 405 406 408 433 434 346 478 353 358 497 498
346 407 410 417 443 449 452 482 463 487 360 490 373
347 388 411 423 470 352 495 374
348 411 442 471 356 485 363 365 403 379
349 388 395 419 428 438 465 472 359 364 496 375
350 385 393 415 416 427 447 464 472 473 476 493 383
351 388 419 423 412 454 480 481 357 359 363 382
352 406 407 411 424 463 353 483 380 363
353 404 437 373 448 450 467 364 370
354 421 433 417 469 488 366 372 375 377
355 413 424 430 436 454 459 370 372
356 388 389 411 415 420 425 492
357 393 473 404 406 412 433 377 401 369
358 399 421 462 473 362 498
359 396 388 415 438 478 479
360 416 484 490
361 400 429 437 450 454 464 466 475 490 494
362 386 396 402 415 418 443 454 456 467 473 481
363 397 429 426 481 366
364 393 395 397 495 429 458 474 370 367 497 379
365 399 417 430 437 456 459 473 382
366 393 402 410 437 441 442 455 469 474 486
367 384 394 426 431 432 440 396 468
368 388 393 407 451 456 458
369 384 390 393 396 473 408 422 438 444 467 481 493 371
370 398 407 415 418 458 473 484
371 390 403 405 407 409 427 435 472
372 397 440 374 417 457 475 479 378 379
373 408 404 442 445 482 380
374 407 409 414 483 495
375 396 402 403 407 412 454 462 491
376 392 395 413 466 470 478 489 491 494 378
377 391 440 448 485 488 498 381
378 416 431 438 443 470
379 403 415 425 427 444 462 489 381 383
380 499 437 440 449 459 461 473 488
381 438 446 455 416 478 430
382 391 401 413 415 436 441 445 452 481
383 387 390 457 477 489 491 493
384 415 424 431 443 456 465 484
385 404 408 421 423 430 466 478 479
386 393 399 431 434 437 461 474
387 398 438 480 465 473 493
388 428 407 420 459 480 490 491
389 415 420 429 467 470 484
390 400 417 420 447 468 481 484 491
391 414 422 424 449 479 499
392 402 404 412 442 448 449 403 468 470 474 494
393 428 470 476 482
394 401 403 424 426 437 454 488 496
395 404 428 429 450 475 480 485
396 426 430 416 457 492 498
397 426 436 439 475
398 409 411 422 428 429 434 445 484
399 476 432 440 464 474 481
400 437 445 468 486 491
401 408 421 439 443 460 466 467 494 498
402 411 412 453 455 456 458 462 490 494 498
403 473 420 426 440 475 483
404 429 449 454 485
405 409 424 437 443 446 456 463 464
406 419 439 457 467 491
407 498 435 417 468 470
408 418 424 432 438 447 464 480 485 495
409 449 464 470
410 424 439 454 456 471 481
411 431 465 493
412 417 426 436 442 446 451 454 457 491
413 417 424 434 460 486
414 438 465
415 420 422 432 445 462 493
416 448 462 482 498
417 451 455 456 477 490
418 421 447 450
419 428 437 442 455 463
420 424 433 465 474 477 485
421 425 452 453 460 472 468
422 432 435 455 458 492
423 441 455 459 462 470 493 497
424 434 445 442 469 477 495 498
425 427 455 429
426 452 471
427 462 498
428 430 464 480 481 485
429 475
430 468 497
431 442 488 497
432 495 457 462 493 496
433 436 468 474 491
434 438 440 441 457 474 487
435 437 438 448 454 487
436 439 441 457 461 487 496
437 469
438 462 478 480 481
439 443 444 455 482 464 468 470
440 459 466
441 448 454 467 483 490 493
442 450 494 453
443 475
444 450
445 454
446 460 472 489
447 483 493
448 451 452 457 493
449 495 492 497
450 482 485
451 460 461 490
452 460 487 490
453 493 494
454 490
455 477 478 466
456 499
457 489 499
458 479 497 499
459 477 470 484 490
460 479 474 490
461 468 497
462 465
463
464 476 492
465 471 473 491 495
466 471 494
467 473 474 478
468 481 487
469 471 498
470 480
471
472 498
473 476 498
474 493
475 482
476 491 494
477
478
479 491
480 488
481 487
482 484 494
483 489
484 489
485 491
486 489 492
487 489
488 490
489
490
491
492 496
493
494
495
496
497
498
499
