#build_topology.py 100 15 cluster_global 0.05
# GMT Fri Apr 26 02:15:12 2019
# 
0 98 35 5 74 46 16 18 83 20 22 23 31 92 30 37
1 34 66 17 72 9 42 43 76 77 14 47 8 56 79 60 30
2 19 97 99 68 5 9 74 29 79 83 85 57 60 61 95
3 65 35 69 49 40 41 10 47 16 8 83 84 26 27 60
4 64 69 6 39 73 75 12 14 15 80 83 84 24 29 31
5 64 59 68 70 77 61 49 51 89 91 60 29 95
6 11 37 71 40 75 12 13 61 80 85 55 29
7 96 65 37 70 15 76 77 79 17 82 20 54 56 57 26 27 86
8 33 38 71 40 39 80 52 53 24 89 61 31
9 33 98 75 43 77 93 81 85 56 45 25 28 29
10 43 72 73 74 75 45 48 81 50 56 22 87 88 60
11 64 98 35 68 74 46 79 82 20 85 56 25 92 94
12 32 51 34 69 97 76 48 83 53 57 58 38 62
13 66 36 71 75 48 53 23 25 58 31 92 94 95
14 64 35 36 71 40 32 55 17 50 85 89 90
15 32 34 99 36 69 76 98 16 49 35 52 22 55 37
16 99 98 41 75 76 61 78 47 27 26
17 32 97 33 69 77 40 99 54 55 58 61 95
18 34 41 74 45 46 79 80 53 87 89 26 27 28
19 32 65 98 67 69 39 28 78 79 35 24 25 58 27 92
20 67 73 76 45 78 48 84 85 54 56 61 30
21 33 67 72 87 82 78 49 50 46 55 25 26
22 99 36 42 23 29 49 51 87 24 59 62 63
23 66 35 37 74 46 59 51 86 56 89 91 31
24 64 40 44 29 51 90 86 25 58 61 63
25 97 40 47 88 83 87 26 61
26 32 48 68 93 79 52 88 91 61
27 34 69 92 50 47 52 94 28 62 37
28 32 97 68 43 77 81 84 52 90 92 93
29 37 50 86 58 54 61 62
30 32 99 36 69 70 71 45 77 91 67 56 38
31 33 98 35 70 65 41 99 85 56 59
32 72 44 82 52 94 62
33 64 73 74 45 47 72 50 79 90 95 58
34 98 67 39 41 71 79 81 86 55 88 57
35 54 44 48 84 89 47
36 96 97 66 68 48 49 53 89 61
37 64 98 40 78 80 85 91 94
38 69 75 76 79 81 83 86 56 59 94 85
39 91 49 72 41 74 75 76 80 88 59
40 97 70 77 49 87 93 95
41 71 74 44 46 93 67 55 56 42 94
42 66 71 45 78 79 80 81 82 83 53 88 57
43 69 72 73 75 77 46 51 52 89 84 87
44 64 66 67 75 76 46 73 89 90 61 94
45 96 69 72 48 81 90 59
46 98 74 50 80 99 60 93 95
47 98 99 48 72 97 81 82 85
48 96 86 53 54 87 84 63
49 64 99 69 70 82 89 90 93
50 74 93 76 78 52 71 91
51 96 97 68 79 85 55 60
52 66 76 93 55 88 57 61
53 66 70 97 76 80 84 86 87 57 63
54 64 69 73 78 90 59 92 94 63
55 64 78 86 87 57 90 93
56 63 78 59 62
57 67 82 86 88 92 94 95
58 75 78 93 84 85 89 59 62
59 96 65 73 71
60 96 98 73 82 83 89 92 61
61
62 97 66 67 70 96 77 83 85
63 65 67 74 75 77 88 83 84
64 98 73 83 92
65 91 69 73 75 80 86 87 90 94
66 99 70 74 68 91
67 96 78 81 82 90
68 99 71 72 74 77 81 92
69 71 79
70 71 73 78 80 95 92
71 91 85
72 96 86 87 88
73 82 87
74 77 81
75 88 89 93
76 80 83 86 88 90
77 78
78 97 82
79 99 98 82 95
80 98 94 95
81 96 98 99
82 88 92
83 96 84
84 87 88 91 93
85 90
86 96 92
87 97 94
88 90
89 95
90 91
91 99 97 95
92 95
93 96 94
94
95
96
97
98
99
