#build_topology.py 100 15 cluster_local 0.1
# GMT Fri Apr 26 02:14:51 2019
# 
0 32 38 7 72 10 76 82 15 48 50 51 23 88 58 28 29
1 32 66 69 70 39 40 73 10 75 77 45 8 51 2 90 61
2 33 70 65 8 44 12 82 84 53 57 89 58 20 21
3 64 4 5 81 42 77 46 49 50 51 85 86 24 36 26
4 96 65 98 36 70 33 40 9 44 78 80 92 93 95
5 96 84 34 40 73 12 14 15 51 20 22 9 52 90
6 69 81 79 43 77 78 47 56 18 46 54 23 57 74 62 95
7 97 99 33 8 73 79 16 49 20 25 26 27 28 58
8 67 37 42 94 47 82 19 74 53 89 61 62 52
9 34 67 68 69 72 42 61 99 20 54 55 89 28 93
10 97 66 35 69 38 12 29 81 99 21 55 92 61
11 71 41 43 12 77 14 47 48 57 73 89 58 95 63
12 39 72 44 79 80 49 82 85 55 60 30
13 65 98 67 17 42 43 15 16 24 51 84 53 22 56 29 30
14 80 38 81 76 77 16 17 83 21 90 91 29 63
15 64 83 75 70 65 43 18 35 85 55 25 69
16 49 43 47 56 50 86 87 88 26 63 94 31
17 97 67 39 92 71 93 81 19 21 57 79 28 29
18 65 66 97 41 50 82 19 85 88 89 91 94 21
19 32 99 37 38 74 45 53 54 56 28 42
20 35 38 39 43 46 47 27 83 85 91 62 69
21 97 27 70 39 43 50 52 91 61 62 31
22 65 66 34 97 73 76 46 48 59 67 90 91 31
23 34 36 41 82 78 45 49 50 51 85 92
24 96 32 70 33 27 49 82 83 53 90 47 26 95
25 66 99 71 74 45 67 84 87 58 79
26 32 35 98 97 47 99 84 30 26 91 94
27 32 42 78 52 53 86 88 28
28 67 73 74 43 79 81 53 89
29 65 70 71 77 85 59 60
30 32 66 36 49 90 88 57 58 31
31 78 79 83 84 90 93 96 58 63
32 97 75 55 48 50 54 87 62
33 64 66 37 44 74 76 45 47 82 85 87 79
34 96 68 45 46 48 78 56 36 90 62 69
35 65 99 70 46 93 80 88 89 92 61 95
36 99 68 41 87 48 49 56 60 88 95
37 65 66 69 81 40 41 50 85 87 56 63
38 73 75 44 76 83 84 88 58 94 95
39 64 70 74 75 93 51 56 57
40 45 72 44 46 79 85 55 60
41 65 71 73 75 81 53 87 60 90
42 51 66 71 74 79 82 67 92 95
43 96 97 75 71 79 86 94
44 96 66 99 98 71 87 93 62 65
45 71 87 77 78 47 83 57 91 60
46 96 65 47 67 86 69
47 73 76 83 54 94
48 96 64 74 76 88 68
49 68 80 81 50 83 57 93
50 96 65 55 76 99 94 63
51 64 74 78 54 88 57
52 98 91 70 80 81 86 56 57 90 60 94
53 59 71 76 79 80 89 60
54 69 72 73 55 77 82 59 62
55 68 77 87 58 91 92 61
56 75 61 59 92 93
57 98 78 81 61 63
58 64 65 72 75 78 86 59 63
59 86 71 72 77 83 90 85 63
60 84 66 68 77 81 92
61 96 69 73 81 91
62 64 69 87 89 84 95
63 75 71 79 99 90
64 67 68 72 89 92 93
65 72
66 68 76 84 88
67 98 74 93 85 90 95
68 80 75 85 94 95
69 73 80
70 83 78 81 99 88 94
71 98 86 90
72 97 86 96 79
73 75 84 92
74 98 96 78 82 87 94
75 97 98 79
76 80 90 93
77 98 92 94 95
78 98 91 83 92
79 97 95
80 84 97 99 87 85
81 89
82 99 86 92
83 99 85
84 96 98 85 91
85 99 94
86 88 89 93
87 88
88
89 91 93 94
90 97
91 96 93
92 98
93 99
94
95 96 97
96
97
98
99
