#build_topology.py 100 15 local 0.1
# GMT Fri Apr 26 02:13:51 2019
# 
0 1 2 67 71 40 12 14 8 50 35 21 24 58 92 30
1 98 4 5 39 60 23 12 13 47 80 55 56 71 28 42
2 50 71 72 7 77 48 11 82 19 20 53 8 25 62 31
3 34 99 36 6 81 72 44 77 29 49 53 22 56 28 61 62
4 99 69 16 9 74 75 47 11 81 85 43 23 28 94
5 68 65 75 12 15 48 50 53 23 56 26 79 29 63
6 32 33 36 7 72 41 76 14 40 67 52 53 57 68 20 63
7 97 7 12 76 77 80 17 50 23 24 15 13 30
8 97 34 37 48 96 10 11 45 13 16 18 94 62 21
9 64 97 99 38 70 71 10 47 17 18 59 60 93 30
10 66 68 70 98 78 48 81 82 20 46 22 60
11 65 98 38 80 79 48 51 53 55 56 88 93
12 34 73 12 66 44 52 24 90 79 93 95
13 98 48 40 28 16 17 53 41 88 39 92 30
14 51 35 82 32 44 77 46 47 18 21 86 26 93
15 98 99 68 72 41 74 71 78 79 49 83 25 37 63
16 32 65 33 42 44 96 81 19 24 57 58
17 22 38 71 72 76 45 49 52 73 87 59 92
18 35 39 76 45 80 20 73 57 90 30 31
19 80 34 66 37 38 73 49 82 83 58 59 29
20 97 67 41 45 46 47 53 88 91 74
21 97 99 37 45 47 48 72 54 24 57 59 30
22 69 70 93 67 62 86 89 90 27 42 94
23 33 66 38 39 82 83 55 23 59 37 65
24 33 34 36 97 75 77 80 26 94 31
25 97 34 50 66 37 70 42 45 77 98 89 26 63
26 66 38 72 75 80 85 87 59 28 53 95
27 64 65 35 86 71 42 49 50 84 56 89 62 63
28 96 69 72 75 49 51 52 85 86 88 61
29 97 66 39 80 44 78 48 86 56 54 93 95
30 34 99 80 85 52 58 91
31 96 99 37 38 72 82 81 67 84 85 86 61
32 96 80 59 75 44 45 52 54 55 89 91
33 97 98 67 36 74 87 76 66 78 47 54 62
34 66 99 67 80 49 83 85 86
35 65 67 40 43 78 46 51 85 88 57 58
36 73 43 78 47 50 83 85 91 93 63
37 97 67 69 65 41 46 55 93
38 64 38 70 95 56 62
39 69 39 42 77 80 50 54 60
40 51 99 69 71 73 74 87 49 55 60 95
41 65 68 43 78 79 70 90 92
42 96 83 86 74 75 76 46 51 63
43 70 74 44 49 84 87 88 57 90 61 63
44 98 69 81 45 53 88 92
45 97 98 68 69 79 82 52 54 57
46 98 68 74 52 86 57 90 61
47 69 70 52 85 61
48 64 65 71 77 74 87 55 60 61 63
49 64 96 69 78 72
50 68 82 84 87 93
51 71 60 81 74 59 92 61 94
52 97 71 81 82 53 89 63
53 96 61 57 90 60 93
54 98 68 72 73 71 81 87 88 57
55 91 76 79 56 58 90 94
56 64 71 92 76 88 89 62
57 64 73 81 90 91 95
58 64 66 80 96 74 67 84 91 63
59 97 99 75 79 80 84
60 98 70 66 72 87 88 89 95
61 83 77 99 84 89 91 95
62 70 76 90 92 94 95
63 64 83 85
64 65 66 69 74 77 84
65 69 74 84 86 87
66 87 82 89 94
67 76 77 78 91 92 93
68 82 80 85 88
69 86 81 73 83 92
70 97 72 84 95
71 85 95
72 86 94
73 76 83 84 90 93 94
74 77 84 79
75 98 88 83 87 89 94
76 96 86 89 92 93
77 85 95
78 79 81 88 91 92
79 99 83
80
81 98 89 93
82 99 85 89
83
84 96 90
85 87 90
86 96
87 94
88 90 91
89 91 94
90 95
91 96 97 94
92 96
93 95
94
95 99
96
97
98 99
99
