#build_topology.py 100 8 cluster global .1
# GMT Fri Apr 12 02:29:34 2019
# 
0 98 71 9 11 78 83 25
1 2 35 9 10 78 19 20 23 58 94 31
2 32 99 4 100 40 55 46 75 87 88 25 95 62 36
3 66 38 78 46 90 27
4 68 37 44 83 22 89 25
5 32 33 68 38 8 19 58 59 90 94
6 71 7 76 82 89 25 62 95
7 32 98 99 71 76 48 51 22
8 73 11 78 47 50 52 59
9 69 75 12 14 80 20 22
10 35 46 49 50 19 87
11 99 41 87 14 84 23 24
12 96 98 68 69 41 30
13 33 36 37 78 15 83 92 29
14 99 72 82 50 20 54 58
15 20 55 84 60 29 95
16 65 35 54 60 17 19 86 92
17 39 72 76 79 21 28 31
18 32 69 70 21 23 58
19 81 20 84
20 80 38 48 73
21 36 40 24 59 61
22 97 98 99 70 44 56 84 88
23 67 51 55 57
24 36 39 76 83 29 85
25 45 56 89 27 61 31
26 42 75 77 48 54 56 91
27 32 64 38 40 75 46 31
28 33 66 42 90 61 30 95
29 32 41 42 30 95
30 32 37 81 86 62
31 59 38 49 82
32 67 77
33 96 36 40 52 87 88 58
34 72 42 75 46 52 58 59 94
35 75 87 56 90 59
36 43 44 87 89
37 46 45 86 55 95
38 51 85 93
39 64 81 74 85 90
40 54 60 94 53
41 68 93 88 60 95
42 67 93 91
43 45 47 49 57 60 63
44 66 86 48 58 62 95
45 66 74 77 47 55
46 78 87 88
47 49 51 88 59 93
48 69 81 82 57
49 64 70 62 94
50 64 52 91 92
51 99 53 56
52 65 71 88 93
53 68 73 55 62 63
54 76 85 55 92
55 83
56 74 79
57 65 79 90
58 94
59 65
60 71 77
61 73 74 80 83 87
62 98 76 92
63 67 80 85 90 94
64 68 82 86 90
65 98 70 73 85
66 96 79 81 84
67 74 75 99
68 96 89 94
69 97 71 74 84
70 76 81
71 77 90
72 86 89 90 92
73 99 79 81
74 77 80
75 79
76 83
77 92 83
78 97 91
79 94
80 99 93 89
81
82 88 91
83 93
84 86
85 95
86 91
87 98
88
89 91
90 96
91 92
92
93
94 96
95
96
97
98
99
100
