#build_topology.py 100 15 global 0.01
# GMT Fri Apr 26 02:14:01 2019
# 
0 32 35 40 41 11 12 45 46 13 80 82 21 86 56 61
1 64 48 97 38 71 8 16 82 94 25 26 27 60 29 62 95
2 34 3 69 81 39 41 74 75 17 21 54 90 28 58 31
3 32 64 99 68 69 71 18 76 77 49 50 89 57 30
4 99 8 11 61 14 29 80 49 91 83 55 23 26 59 92 93
5 10 75 44 45 47 51 90 22 56 25 58 91 92 29 63
6 65 66 39 15 41 42 78 47 48 14 22 27 93 62 21
7 19 86 67 41 11 77 15 80 51 54 23 58 60 93
8 98 35 9 42 11 61 92 43 74 73 27 60 29
9 96 64 66 36 40 43 18 20 30 23 55 58 60 62
10 65 34 67 48 80 21 54 55 88 89 63 28 94 69
11 80 99 16 64 12 18 44 48 81 50 36
12 43 68 74 77 80 81 18 82 88 27 28 94
13 34 38 70 76 44 78 82 84 55 57 27 92 61 30
14 32 97 34 70 42 44 45 47 17 89 25 38 92
15 34 17 54 39 40 74 45 49 18 53 86 59 93
16 32 68 69 96 74 77 47 80 52 90 91 29
17 67 36 38 44 76 47 86 73 25 60 93 63
18 67 71 41 76 50 86 24 90 92 93
19 97 98 38 87 76 66 46 79 48 49 94 54 55 91 62
20 34 70 72 46 40 52 85 73 23 88 57 31 93 53
21 64 32 73 75 46 79 48 51 55 88 57 59
22 96 59 40 31 95 46 79 51 85 24 63
23 97 38 39 79 83 85 87 57 26 58 65
24 37 72 42 79 49 50 84 62 56 27 30 95
25 64 35 77 83 52 86 56 57 90 54 31
26 96 99 69 70 71 43 77 80 49 51 56 90
27 97 67 68 72 76 35 41 87 60 29
28 51 67 37 71 76 77 49 35 53 89 69 95
29 68 48 40 59 47 81 87 89 79 30
30 52 38 78 88 82 84 55 57 60 95
31 35 69 71 67 34 48 99 52 85 61 63
32 98 35 43 47 48 81 82 53 87 95
33 96 97 35 36 38 71 62 49 85 56 39 90 60 94 63
34 36 71 45 83 84 59 93 95
35 36 40 41 49 62 88 94
36 37 39 46 75 78 54 87 86 61
37 97 75 50 81 82 84 46 86 39 71
38 66 41 43 81 86 92 62
39 96 72 41 77 46 40 83 84
40 80 97 61 48 41 90 92
41 99 81 82 59 60
42 64 98 43 45 46 87 55 58 92 85 63
43 67 69 71 46 78 53 89 57
44 99 70 49 45 50 83 57 90 61 69
45 98 71 51 52 85 56 59 69
46 66 70 78 47 91
47 64 82 83 87 94 63
48 73 72 53 83 52
49 68 97 80 90
50 66 70 81 77 84 85 56 60 69
51 71 79 52 53 87 88 90 92 62
52 66 99 70 72 95 87 58 91
53 64 65 72 73 60 57 95 63
54 99 69 73 74 83 85 89 93
55 65 73 78 81 86 88 92
56 64 97 78 79 83 89 59
57 98 99 60 61 63
58 65 66 70 72 82 86 92 63
59 96 69 66 88 84 68 94
60 65 74 71
61 91 71 99 83 87 95
62 64 79 82 73 89 95
63 65 99 93 85
64 66 76 84 95
65 83 67 70 76 79 95 91
66 70 72 78 88 93
67 81 71 75 82 89 93
68 80 72 84 88 89 92 93 94
69 74 95
70 72 77 80 87 91
71
72 78 79 82 87
73 98 86 75 76 89 91
74 80 86 75 98 85 79 94
75 96 97 98 77 78 90 91
76 77 78 87 89 93
77 96 98 91
78 97 83
79 96 86 84
80 84 89
81 97 82 85 88
82 98
83 98 85 91
84 96 94 92
85 90 92
86
87 97
88 97 90 93
89
90 99
91 94
92
93
94 96 98 99
95 96
96 97 98
97
98 99
99
