#build_topology.py 100 15 local 0.1
# GMT Fri Apr 26 05:40:20 2019
# 
0 32 97 66 69 70 40 75 12 77 18 51 53 22 56 26 95 31
1 35 2 67 6 7 41 10 15 48 83 52 22 57 30 95
2 97 34 6 40 12 14 76 77 78 47 18 35 21 25 58 29 85
3 96 19 4 7 73 43 77 78 16 17 83 84 85 25 53
4 32 65 34 39 76 47 91 51 54 90 79 28 58 30
5 32 36 38 41 43 18 78 15 80 82 51 52 88 58
6 36 33 71 80 10 81 82 21 57 89 91 61
7 97 69 70 71 76 16 85 55 56 91 92 29 65
8 96 83 70 75 44 77 80 51 20 56 90 91 94 31
9 67 69 92 75 44 82 28 16 50 20 21 87 88 55 60
10 75 46 57 43 78 17 99 20 30 87 88 89 26 60 94
11 97 67 69 35 43 76 13 46 15 19 21 56 57 90 47
12 32 34 67 70 81 78 16 17 18 24 88 90 31
13 69 38 40 50 78 49 18 57 39 95 28 37 63
14 51 66 35 36 72 74 34 83 20 53 59 92 93
15 67 43 71 73 44 46 50 19 21 23 89 30 37
16 70 75 46 73 83 84 54 55 92
17 98 69 42 23 45 46 87 24 84 90 58 94
18 35 71 73 34 48 50 82 86 58 47 90 62
19 65 38 42 76 61 43 51 23 47 60 29 62
20 32 96 36 79 80 49 56 85 73 88
21 68 38 33 50 82 21 89 28 95
22 64 35 32 96 43 77 49 84 94 86 59 92 62
23 65 34 67 69 70 39 72 83 47 88 89 26 27 63
24 65 99 70 38 81 73 74 52 56 25 59 92 29 94 31
25 67 81 40 45 46 49 83 94 55 58 60 62
26 70 71 28 44 76 81 51 52 57 91 92 61
27 96 35 70 38 28 42 63 82 99 85 57 59 60 31
28 98 71 44 78 79 82 51 87 53 31
29 96 67 99 36 37 73 74 58 42 30
30 64 98 32 40 96 79 71 47 72 56
31 33 41 42 60 72 52 53
32 65 99 68 39 40 78 32
33 96 98 70 74 75 76 50 42 55 62 61 85
34 35 42 77 52 53 88 59 94
35 99 36 54 74 55 56 42
36 67 43 77 93 80 51 90 91 70
37 64 98 38 43 45 49 82 83 86 90 91 62 63
38 67 68 38 40 41 81 91
39 41 74 43 83 84 86 90 63 60 61 95
40 54 72 45 81 86 85
41 73 62 46 48 52 85 54 61 94 53
42 96 68 70 48 45 93 79 80 83
43 96 48 54 86 69
44 68 69 71 45 46 84 93 55 89 58 91 53
45 97 98 73 80 82 90 59 92 58 63
46 65 98 59 70 81 76 91 60
47 64 97 99 72 66 80 62 53 95
48 66 69 78 80 86 57 89 58 95
49 64 96 99 72 77 57 59 94 95
50 55 78 79 52 89 73 57 93
51 74 75 79 95 52 63
52 98 77 67 73 63
53 69 80 94 54 55 61
54 64 65 75 56 89 59
55 98 66 81 87 95 63
56 64 77 79 92 63
57 59 74 93 80 82 60 61
58 82 79 81 88 63
59 67 72 66 79 85 61
60 64 69 70 72 75 87
61 91 68 77 80 84 89
62 94
63 74 95
64 97 91 70 65 75 84 94
65 73 87
66 98 67 68 79 77 81 82 78
67 78 79 83
68 96 99 73 93 79 86 91 94
69 97 74 84 88 92
70
71 71 75 76 81 90 95
72 79 76 80 83 89
73 80 82
74 98 76 78 92 94
75 92 87 76 81
76 99 78 79 86
77 82 90 94
78 84 85 91
79
80 88
81 96 98 90
82 89
83 89 95
84 99 89 93 95
85 98 99
86 99 93 95
87 90 93
88 98 97
89
90 98 93
91 97
92 96 97 98 95
93 98 99
94 97
95
96
97
98
99
