#build_topology.py 100 15 cluster_global 0.1
# GMT Fri Apr 26 05:41:37 2019
# 
0 68 69 38 7 10 43 13 77 48 83 20 57 89 60 95
1 32 2 54 8 12 44 79 81 82 51 86 87 60 30
2 81 73 10 44 98 29 24 18 20 85 86 56 57 42
3 32 65 99 69 70 72 41 42 81 86 73 88 26 91 94 95
4 64 99 74 38 71 42 75 13 47 84 53 22 26 28 90 30
5 97 70 7 74 75 44 81 83 94 86 55 56 25 65
6 67 37 72 11 45 46 50 75 35 20 87 24 26 93
7 64 39 40 10 44 13 78 79 8 26 59 92 61
8 32 34 99 65 97 72 74 12 51 68 91 36 61 63
9 64 33 86 39 72 42 71 77 78 17 84 54 52 92 94
10 64 66 69 15 80 81 22 92 29
11 65 83 68 38 33 43 98 19 30 86 87 88 89 58 62
12 99 69 39 44 14 15 49 52 85 56 25 27
13 64 67 70 40 43 49 19 24 25 58 60 62
14 64 65 42 82 81 18 84 22 23 24 52 60 30 63
15 32 65 66 67 70 82 83 54 89 88 57 51 95
16 98 43 70 76 75 44 46 51 53 23 87 92 78 62
17 80 67 68 42 77 45 48 53 23 88 90 28 93 30
18 64 37 73 74 78 50 82 53 86 25 89 21 93
19 97 66 37 71 40 98 20 21 22 24 90 93 94
20 32 98 67 70 41 43 45 80 84 88 27 31
21 64 35 36 97 40 42 50 82 67 84 28 29
22 65 37 39 31 79 81 78 23 88 27 94 95
23 27 41 42 43 67 24 89 26 91
24 66 34 69 73 77 79 80 46 85 31
25 37 70 71 40 76 57 90 27 62
26 38 39 74 55 75 51 84 92
27 36 70 43 79 80 81 87 29 94 63
28 32 36 70 38 45 82 58 31 92 85
29 32 51 40 41 66 64 80 72 50 83 54 56 74 62
30 41 74 46 80 81 50 54 55 36 58 90
31 69 70 76 89 90 91 32 41 49 57 61
32 67 56 89 58
33 64 69 87 77 79 80 85 63
34 66 73 84 87 93 95
35 98 42 43 77 79 49 54 60 63
36 97 99 39 76 79 50 85 54 90 92 61 53
37 64 86 63 44 51 47 48 49 83 55 90 79 70 61 95
38 97 69 47 93 49 84 89 91 61
39 96 97 67 49 40 74 78 81 46 59
40 66 70 41 48 53 90 91 95
41 96 64 66 71 78 81 59 52 79 61
42 64 74 48 67 90
43 76 89 55 57 87 91 61
44 97 65 76 75 79 52 85 88 63
45 71 74 78 48 46 54 56 94 85
46 99 80 56 48 90 59 61
47 97 66 99 70 71 72 76 80 83 85 88 68 93
48 98 55 76 81 52 87 84 94
49 96 76 75 77 50 53 88 90 95
50 97 77 61 82 52 55 90
51 99 73 74 72 56 60 93
52 66 68 79 73 89 90 59 62
53 72 76 78 54 89 60 62 63
54 99 73 78 85 57 63 92
55 99 70 76 62 86 57 69
56 65 75 78 84 57 89 59
57 97 68 73 76 58 59 60
58 66 98 71 94 93 87 62 85
59 68 69 81 75 76 88 61
60 96 66 65 76 77 82 91 63
61 91 79 73 68 92
62 96 68 78 93 91
63 96 67 77 78 82 85 95
64 80 73 95 69
65 96 97 88 92 93
66 68 80 89 74
67 80 83 93
68 69 71 87 72
69 99 83 74
70 80 98 99
71 72 75 82 86 90 91
72 74 90 94 95
73 97 84 85
74 77
75 91 88 85 89 92
76 83 87
77 78 81 89 90
78 83
79 86 85 92
80 98 94 95
81 96 83
82 98 97 95
83 91 94
84 96 99 87 92
85 91 94
86 97 94
87 96 92 93
88 96
89 96
90
91
92 98
93 96 95
94
95 99
96
97
98
99
