#build_topology.py 100 15 local 0.01
# GMT Fri Apr 26 04:53:49 2019
# 
0 0 8 12 42 76 78 16 81 82 85 88 26 31 74 63
1 67 68 6 41 43 45 11 51 52 85 86 55 56 59 28
2 32 66 43 17 8 11 93 80 49 18 86 31 60 61 63
3 64 97 98 35 70 7 73 42 43 19 52 30 23 27 94
4 97 98 68 5 39 74 75 34 14 82 78 87 57 90 58
5 38 39 72 74 7 46 80 17 10 20 53 59 93 21
6 32 66 99 48 37 71 60 78 47 80 73 59 92 63
7 98 74 46 48 17 10 14 54 89 91 92 42 95
8 64 97 99 72 41 74 47 82 83 54 24 90 92
9 96 19 98 36 70 72 74 11 16 17 50 51 21 86 89
10 96 34 69 39 79 11 15 50 51 21 22 59 93
11 96 32 34 37 33 75 81 94 88 62 63
12 66 39 72 71 44 77 79 18 83 57 88 89 87 62
13 32 27 70 33 15 23 47 88 52 55 56 39 91 92 94
14 96 64 67 69 43 45 16 83 20 25 59 61 37
15 69 71 30 76 45 17 18 84 53 54 94 62 31
16 97 93 63 77 45 81 84 22 87 59 61 31
17 32 67 69 46 56 82 86 24 95 63
18 64 40 73 98 76 19 21 58 59 28 62 85
19 65 67 37 39 75 46 48 99 85 56 91 31
20 33 27 72 41 61 56 51 85 24 89 26 91 90
21 96 99 36 75 82 46 84 78 88 57 52
22 64 65 35 39 41 23 78 81 50 67 55 88 93
23 64 34 35 71 40 77 49 51 56 24 25 79
24 96 99 44 53 88 68 91 29 30 85
25 32 45 28 74 61 77 79 80 81 83 91 92 42
26 68 38 40 76 75 44 78 47 49 84 56 89 63
27 66 36 37 76 78 79 81 51 89 52 60 93
28 98 68 37 38 79 51 85 55 57 31 92 95
29 33 67 70 65 40 44 45 80 50 54 88 91 60 93
30 66 37 38 41 74 34 46 51 52 85 57
31 48 68 72 73 44 77 84 47 95
32 96 34 99 66 73 76 78 86 59
33 52 67 40 47 35 87 56 57 58 60 95
34 96 37 75 81 85 86 55 57 74
35 67 36 38 44 87 76 45 48 57 58 94
36 97 37 48 77 46 49 83 90 91 65
37 39 45 80 51 87 62
38 97 98 70 71 46 47 82 53 95
39 96 99 71 72 76 80 89
40 65 99 68 74 79 49 53 55 57 92
41 96 90 73 74 77 80 57 58 91 93
42 68 55 78 56 87 88 89 90 59 92 62
43 64 98 73 76 66 44 80 81 51 58 95
44 84 65 66 75 98 90 89 60
45 67 46 78 88 91 92 95
46 49 73 79 55 59 63
47 48 49 56 89 91 70 90 94
48 65 67 69 60 86 58 95 92
49 64 67 86 70 71 72 54 57
50 96 65 71 76 93 82 84 87 88 91 62
51 55 84 89 90 60
52 66 65 75 79 67 86 59 94
53 97 71 73 75 80 85 54 55 89 62
54 98 67 80 84 63 93 62 85
55 99 71 83 84 58
56 97 71 78 60 63
57 97 78 81 73
58 96 70 80 87 90 91 93
59 68 75 88 60
60 96 65 77 82 88
61 64 65 99 69 74 75 77 79 84 62
62 66 82 78 87 90
63 97 69 72 78 89
64 68 77 83 86 87 95
65 98 75 81 72
66 97 68 70 83 95
67 81 90
68 73 77 82 83 90
69 98 99 70 71 75 78 87 94
70 98 81 83 86 87
71 72 79 84 88
72 96 98 85 93
73 99 76 81 83
74 77 80 94
75 80
76 80 84 87 92
77 86 91 93
78
79 89 86 94
80
81 99 95
82 84 86 87 85 95
83 86 88 92 94
84 94
85 97 94
86
87
88
89 93
90 97 94
91 92
92 96 97 99
93 98
94 95
95 99
96
97
98
99
