#build_topology.py 100 15 cluster_local 0.1
# GMT Sat Apr 27 18:51:44 2019
# 
0 19 99 54 12 10 11 76 78 82 83 53 26 62
1 19 35 71 3 92 43 44 99 73 56 26 60
2 96 97 34 37 8 41 44 55 90 91 93 62
3 32 64 75 36 74 8 10 55 12 16 18 25 39
4 99 68 69 65 39 74 71 81 75 85 24 49 26
5 64 34 99 40 92 74 43 66 20 85 84 59 28
6 64 67 37 73 46 18 52 21 86 87 61
7 71 10 13 16 20 86 25 93 97 34 44
8 97 12 76 47 99 51 20 86 55 67 53
9 32 97 34 69 81 45 46 80 55 57 90 58
10 32 97 34 67 70 39 76 93 90 27 58 95
11 67 40 14 29 49 57 86 25 89 90 58 30 63
12 64 65 34 68 16 49 51 20 88 89 93
13 32 70 76 44 50 78 79 82 19 46 87 25 30
14 32 80 35 36 79 48 82 84 54 20 26 59 62
15 96 68 41 42 43 61 50 86 88 59 92 29
16 97 91 65 43 77 45 49 18 53 87 24 59 62
17 34 99 41 81 91 67 84 53 26 59 60 61 30 31
18 35 41 42 43 46 85 95 60 74 94 63
19 32 97 39 28 71 49 20 21 55 52 60 94
20 34 99 36 71 45 49 86 92 37 63
21 64 65 38 71 77 81 85 49 27 70 58 94
22 33 70 72 42 45 80 50 52 54 57 91 94 63
23 68 69 38 43 78 79 50 85 55 90 28 29 94
24 32 64 34 27 39 43 44 77 67 56 89 59
25 65 70 47 48 82 35 97 56 60
26 64 69 70 97 40 79 48 52 85 93 30
27 97 98 72 43 78 47 52 54 55 62
28 96 33 34 67 69 72 48 53 56 91 95
29 96 73 43 76 80 82 84 53 88 52 95
30 64 98 35 38 78 83 54 59
31 99 36 69 71 41 76 60 82 83 89 92 37
32 98 36 84 66 89 92 61 63
33 71 72 61 81 50 83 88 59 93 62 63
34 65 40 50 72 90 91
35 97 66 38 44 49 52 46 90
36 96 41 42 43 48 51 57 62
37 70 42 80 83 53 54 91 94 95
38 69 70 71 42 77 78 79 50 54 91
39 66 72 73 83 45 40 84 61
40 97 67 75 44 77 56 90
41 98 74 62 45 53 89 57 94 95
42 67 44 77 99 58 47 60
43 79 61 78 85 88
44 65 66 75 45 49 50 47 61
45 71 73 82 88 84 59
46 96 64 75 76 79 48 81 57 89 58
47 65 66 67 54 59 81 86 89 95
48 64 69 92 77 79 80 51 63
49 99 54 78 86
50 69 72 55 77 58 92
51 65 71 80 81 84 86 55 93 95
52 65 66 73 91 89 92 90
53 99 60 79 81 86 62
54 64 98 68 84 78
55 98 59 82 94 63
56 69 92 87 78 85 57 60
57 64 67 68 77 73 58
58 70 61 71 60 74
59 80 90 61
60 99 75 77 84
61 74 88
62 91 76 78 87 92 85
63 72 86 88 69 95
64 98 81 85 95
65 68 75 76 89
66 98 68 70 75 87 91 69
67 75 82 86
68 96 69 75 77 83
69 71 94
70 80 83 93
71 76 86 88
72 76 79 82 87 92
73 96 74 76 77 87 88
74 87 76 81 83 89 94
75 98 79 89
76 98
77 99 85
78 98 85 87
79 96 80 93
80 83 84 90 93
81 84 92 93 94
82 96 89 90 94
83 97 88 91 93
84 99 86 92
85 98 93
86
87 97 90
88 96 93
89 90
90
91 96 97
92 95
93 96
94 95
95 98 99
96 97
97
98
99
