#build_topology.py 100 15 cluster_local 0.01
# GMT Sat Apr 27 18:51:27 2019
# 
0 33 69 65 97 10 39 95 85 23 56 27 28 61 30 37
1 96 33 98 3 4 32 73 13 16 35 52 85 92 94
2 5 38 41 12 82 47 50 52 85 57 25 79 44 31
3 98 70 7 73 10 82 20 54 55 90 27 61 30
4 32 67 44 12 80 99 22 55 88 58 95
5 38 41 43 45 14 83 85 86 9 24 26 93
6 96 66 67 42 13 82 51 52 21 56 89 61 94 63
7 64 34 68 70 9 13 46 83 22 25 90 29 63
8 97 69 73 42 23 12 46 48 41 55 91 28 10 30
9 66 36 72 41 42 71 12 79 18 52 87 39
10 96 65 68 72 42 12 29 83 85 61 53
11 59 69 38 18 46 15 80 82 19 78 55 79 94 53
12 32 38 34 78 50 51 85 86 24
13 64 66 69 78 80 18 57 24 89 61 63
14 51 34 35 44 79 48 82 83 84 53 20 28 31
15 35 37 70 71 91 74 46 16 18 84 55 25 59
16 33 38 74 75 76 45 78 18 20 23 58 63
17 96 19 66 67 37 42 79 99 21 23 26 59 29 69
18 35 40 76 78 49 19 46 55 28
19 34 54 70 72 52 86 55 90 27 93 31
20 34 74 76 77 78 49 83 55 58 92 63
21 65 99 49 78 52 53 86 25 90 27 29
22 34 69 41 45 93 50 56 89 58 91 29 94
23 66 40 44 45 78 30 24 57 92 62
24 34 36 37 39 56 94 54 88 86 30
25 97 36 33 43 48 53 54 87 90 60
26 80 98 35 41 29 79 48 82 28 61 62 31
27 33 36 69 51 40 42 43 99 84 30
28 38 70 72 42 82 81 54 62 63
29 37 70 77 80 50 92 42 94 69
30 98 67 77 84 54 61 94 95
31 64 97 66 73 43 34 79 48 51 84 92
32 65 68 37 38 39 72 55 51 87 62 36
33 65 36 37 70 77 79 82 85 89
34 37 41 50 83 90 62
35 71 76 49 85 54 56 68 60
36 59 46 48 81 54 87 89 92
37 81 46 48 85 60 62
38 67 71 42 75 88 58 59
39 99 68 44 77 79 86 41 58 73 94
40 99 73 75 44 47 79 49 51 88 87 61
41 68 48 83 57 58 95
42 97 44 46 83 61
43 96 59 81 73 76 77 47 49 50 67
44 65 66 60 45 57 92 62
45 96 51 68 80 49 83 89 90 61
46 59 76 50 87 91 95
47 96 65 67 79 80 52 55 88 58 93 63
48 72 74 54 89 95 69
49 97 73 50 55 57 60 95
50 99 77 67 55 56 91
51 68 69 71 74 81 84
52 65 87 77 80 89 57 61
53 64 98 66 72 77 78 81 95 91
54 67 65 72 81 89
55 90 62
56 98 63 67 57 91 60 62 95
57 64 67 69 86 90 93
58 64 87 83 73 91 62
59 70 71 76 77 78 81 88
60 66 70 80 84 85 86 91 62
61 64 74 87
62 64 71 74
63 66 67 70 92 78 84
64 96 97 68 74 71 88
65 66 73 75 76 88
66 81 88 90
67 98 74
68 99 75 77 86 94
69 74 84 95
70 98 72 92 95
71 96 97 74 76 84 87
72 97 76 96 91 93
73 96 85 91 92
74 75 82 86
75 96 98 99 80 81 90 93
76 84 87 88 94
77 99 80 81
78 82 86 88
79 91 92 93
80 98 82 85
81 99 89 94
82 97 83 95
83 93 89 90
84 98 99 85
85 97 93
86 98 99 93
87 99 90 93
88 89 90 92
89 94
90
91 97 93
92 96 94
93 95
94 96
95 98
96
97 98
98
99
