#build_topology.py 100 15 local 0.05
# GMT Sat Apr 27 18:50:44 2019
# 
0 65 66 38 7 75 76 45 16 81 82 22 55 58 91
1 96 65 98 11 12 13 48 51 55 24 2 58 60 90
2 33 99 69 8 12 46 49 52 21 26 28 93 95
3 98 4 81 49 9 11 34 78 17 83 21 54 87 62
4 96 67 5 51 65 64 12 17 82 83 94 62 37
5 97 27 7 8 71 29 14 15 51 53 68 91 61
6 34 71 8 39 76 77 47 81 20 85 89 90 27 93
7 33 32 73 12 45 50 53 87 56 31 63
8 33 72 74 81 20 25 58 28 90 94 95
9 96 83 68 37 42 44 66 78 19 20 25 59
10 34 35 70 49 44 11 12 81 82 85 56 95 29 31
11 69 40 66 15 18 35 87 26 47 93 62
12 32 54 75 18 22 87 88 89 92
13 66 67 38 70 71 40 42 46 24 20 56 90 31
14 70 39 73 42 43 76 78 56 88 59 30 31
15 32 66 98 79 48 49 82 20 88 57 60 18
16 96 32 72 76 49 83 20 22 40 57 92 94 52
17 84 67 42 44 79 18 20 52 27 29 94 95
18 32 68 39 75 53 22 55 57 26 62
19 98 99 82 72 77 80 81 50 35 34 89 59 95
20 36 39 43 50 57 28 62
21 65 66 68 69 71 45 79 87 57 91 60 36
22 35 44 45 78 51 58 27 92 29 94
23 98 35 28 44 78 79 91 83 54 73 26 59 93 62
24 32 66 99 37 97 42 44 47 88 25 29 69
25 64 98 36 69 81 41 87 56 27
26 64 34 75 37 38 39 48 86 71 61
27 65 54 73 45 78 79 53 41 62
28 96 99 39 73 75 78 47 85 58 61
29 68 73 39 82 41 56 90 91 74
30 97 66 67 70 38 71 77 83 84 86 91 90 62
31 34 99 86 93 40 79 88 54 56 47
32 65 99 46 48 56 84 87 93
33 65 67 38 48 72 50 84 87 63 94
34 70 39 78 80 90 53 57 61
35 96 64 75 37 41 77 51 58 92
36 67 37 73 42 46 48 82 86 91 93
37 71 74 43 76 99 53 55
38 64 66 68 96 73 76 46 79 50
39 96 71 41 46 48 88
40 64 68 42 76 46 85 54 55 89
41 97 70 65 74 76 82 89 91 60
42 98 67 69 81 44 84 89
43 97 98 70 71 74 77 47 53 55 93 63
44 97 99 75 47 48 73 95
45 64 68 86 70 74 76 49 56 60
46 65 49 53 86 55 59 94
47 60 48 81 67 88 59 92
48 79 93 84 88 61
49 97 99 69 83 86 88 57
50 97 72 75 76 79 52 86 56 93
51 66 61 84 87 88 58 91 94 95
52 98 80 83 86 55 89 90 92 93 63
53 67 75 63 79 56 89
54 97 83 67 70 63 80 59 92
55 98 67 99 85 61 62
56 96 98 69
57 99 68 72 84 58 92 62
58 64 97 75 76 84 88
59 67 73 77 78 89 92 95
60 95 99 97 77 80 83 91 63
61 83 99 77 78 80 88 93
62 98 68 69 72
63 81 83 84 91 85 95
64 73 74 82 85 92
65 74 82 83 86 90
66 71 73 79 69
67 81 89
68 96 82 77 95
69 72 77 78 83
70 97 81 84 88 90
71 79 86 90 94
72 73 78 80 90 95
73 94
74 97 77 79 82 88 92
75 96 77 79 89
76 85
77 80 82
78 89 94
79
80 86 85 87 89 94
81 98 85
82 96
83
84 97 94 95
85 96 85 90
86 87 91
87 92 95
88
89 99
90 94
91 96 93
92 98 93
93
94
95
96
97
98
99
