#build_topology.py 100 15 global 0.1
# GMT Sat Apr 27 18:51:18 2019
# 
0 2 34 4 37 81 8 10 23 13 79 72 89 25 58
1 68 38 7 41 43 45 14 51 52 53 54 89 61 4
2 97 67 68 37 76 45 93 50 52 89 90 28 61
3 65 66 35 4 70 6 38 12 17 51 86 55 59 5
4 98 97 74 12 79 21 24 25 90 30 95
5 65 17 97 12 47 49 84 53 89 58 59 26 62
6 96 33 17 7 9 42 45 14 93 16 49 35 61
7 64 98 97 70 39 72 78 8 18 31 28 69
8 66 99 68 9 75 12 47 51 62 83 94 95
9 64 98 41 42 77 29 18 52 25 59 92 61
10 96 70 64 73 23 47 58 41 25 26 79 29 31
11 97 38 33 40 41 13 45 77 15 80 82 54 24 95
12 97 98 37 71 26 55 56 58 29 95
13 97 48 43 76 46 29 80 17 83 58 93 94
14 96 40 76 46 85 22 23 89 90 59 94 63
15 96 65 34 67 77 79 51 52 54 88 57 90 91
16 96 35 42 46 80 81 84 86 55 89 91 28 93
17 34 39 40 47 35 85 22 56 27 94
18 59 92 71 47 48 82 51 55 90 91 60 62
19 32 65 69 87 77 47 80 83 53 54 55 23 58 29
20 32 34 67 68 70 72 77 45 80 35 52 86 89 31
21 32 67 99 72 75 80 49 35 86 23 88 26 95
22 96 43 38 39 74 75 79 84 54 47 93 63
23 96 34 35 37 46 49 50 90 91
24 99 39 73 75 76 93 79 49 35 56 61 63
25 65 34 69 38 75 61 85 57 26 29
26 35 68 39 43 86 88 27 42 36
27 64 37 92 87 47 41 55 56 57 90 59 60
28 96 98 74 43 44 50 85 54 88 71 31
29 33 36 54 71 44 94 86 30
30 66 99 68 75 34 47 49 91 84 85 43 79
31 83 37 77 48 51 52 85 88 61 95
32 84 99 72 75 46 49 53 56 57 63 62
33 64 65 34 40 75 76 79 55 88 92 62
34 67 38 44 78 48 58
35 98 82 99 52 63
36 97 38 73 76 46 48 49 82 85 56 91 60
37 97 66 42 82 85 56 92 63
38 73 74 45 50 53 41 85
39 97 66 49 71 46 80 89 57 90
40 65 99 68 41 47 48 67 84 60 63
41 99 45 78 72 52 53 91
42 48 98 71 72 75 66 58 93 69
43 64 90 44 83 84 88 58 95
44 64 48 99 81 76 80 49 51 87 62
45 82 81 50 52 73 91 60
46 54 71 76 81 50 86 94
47 56 72 92 63
48 69 71 75 81 89 61
49 96 77 54 94
50 60 77 80 83 84 53 59 61
51 99 71 73 83 52 55 59
52 98 68 67 62
53 65 66 74 82 58 61 63
54 66 68 77 56 92
55 59 67 88 57 58 60
56 59 78 95 94 69
57 65 67 69 73 78 91 86 63
58 71 76 60
59 72 78 92 69
60 96 83 82 68 61 94
61 65 71 94
62 64 67 74 78 91 93 63
63 67 82 84
64 75 73 83 85 87 95
65 96 66 89 94
66 70 79 81 83 85
67 99 74 76
68 96 74 87 72
69 80 73 77 85 90 94
70 78 81 99 86 87 84 90 91 94
71 74 79 95
72 81 73 89 90
73 96 83 98 82
74 97 78 82 89 93
75 99 81 90
76 79 88 92 93
77 97 78 84 87
78 79 80 88 92
79 91 93
80 98 90 85
81 82 83 84 87
82 88 89
83 86 92
84 98 95
85 86
86 95 88 91
87 98 99 88 89 92 93
88 95
89
90
91 92
92 96
93 97 98
94 97
95 98
96
97
98
99
