#build_topology.py 100 15 cluster_local 0.05
# GMT Sat Apr 27 08:05:33 2019
# 
0 33 67 5 70 74 76 78 81 19 21 23 26 31 95
1 42 35 77 79 82 83 85 88 26 63 28 61 31
2 66 99 7 8 47 77 93 75 67 20 88 91 28 29
3 65 67 6 97 73 45 78 79 16 92 52 22 27 60 10
4 97 36 70 44 74 11 12 45 16 49 85 26 93
5 37 9 42 43 76 45 50 41 23 26 92 61 62
6 66 37 39 42 11 78 47 59 50 79 86 29 95
7 34 43 69 49 9 10 11 47 17 54 24 25 91 92
8 64 65 40 10 80 48 17 18 84 93 30 31
9 34 39 66 17 67 52 22 25 90 59 86
10 97 42 11 82 46 13 81 18 19 52 24
11 33 98 39 73 74 14 51 84 62
12 34 87 39 60 82 16 49 50 86 55 58 28
13 32 67 86 43 81 82 83 53 54 56 25 27 93
14 35 68 38 81 73 46 47 17 83 25 26 93 62
15 65 34 91 70 72 74 48 49 52 21 23 59 92
16 67 35 69 76 17 85 88 27 61 95
17 99 39 47 84 21 57 56 20 53
18 32 65 67 73 64 48 72 83 54 87 88 27
19 96 38 47 49 82 85 55 88 60 94 95
20 51 34 35 37 66 46 83 84 54 23 56 58 59
21 65 68 69 39 96 44 78 50 52 55 90
22 33 67 71 72 74 48 53 86 92 61 62
23 96 72 77 79 50 55 88 89 90 61
24 96 36 39 40 75 76 78 49 52 87 91
25 64 36 39 44 80 50 55 56 58 60
26 98 33 39 75 77 82 51 91 60
27 64 51 70 76 49 83 52 87 89 63 31
28 98 66 69 65 39 40 47 72 83 53 95
29 96 68 37 73 75 47 85 88 90 79 60 30
30 96 33 36 65 40 41 74 76 45 79 80 57
31 34 36 86 81 50 54 57 58 91 93
32 97 98 38 76 81 83 53 87 90 94 62 85
33 97 68 70 44 45 78 89 58 91
34 65 37 87 85 86 73 62
35 68 48 36 72 42 77 54 57 89 63
36 42 75 45 52 62 54 58 59
37 84 39 72 43 44 81 86 55 89
38 71 41 74 79 82 78 86 56 92 94
39 75 72 84 93
40 41 77 78 47 56 54 72 90 62 53
41 66 73 76 45 81 53 98 91 60 61
42 66 67 81 74 48 49 51 90 58 61
43 67 68 70 71 66 79 49 53 59
44 65 95 77 55 58 59 85 63
45 68 98 65 80 99 56 63
46 98 93 66 78 79 54 89 91 60 74 94
47 64 60 74 76 83 84
48 96 66 86 71 49 57 89 59
49 96 98 73 80 52
50 67 69 71 89 58 60 62
51 73 95 54 89 57 92 61 94 63
52 98 70 80 85 57 94
53 97 80 82 87 59 61
54 70 75 77
55 64 97 98 71 86 88 92
56 67 68 70 76 85 89 94
57 64 79 81 85 87 88 91
58 97 99 76 82 94
59 71 72 74 88 84
60 98 99 75 88
61 98 86 79 80 88
62 64 69 71 82 72 84
63 66 74 80 81 82 92 95
64 99 87 78 80 86 89
65 75 80 83 91
66 69 71 93 94
67 79 88 87
68 99 70 78 83 84
69 97 70 75 94 77 87 91
70 99 90 93
71 86 77 78 85
72 80 99
73 97 79 87 90
74 97
75 76 78 87 89
76 96 91 77
77 99 94 95
78 84
79 82
80 93 84
81 97 92 93
82 99 90 91
83 92 89 95
84 85 95
85 92 95
86 90 93
87 88
88
89 99
90 96 93 95
91
92 98 97
93
94 98 99
95 96
96 97 99
97
98
99
