#build_topology.py 100 15 cluster_global 0.05
# GMT Fri Apr 26 05:41:29 2019
# 
0 64 2 99 38 49 8 41 10 81 50 57 53 24 72 25 90 58
1 48 69 7 8 46 80 97 21 89 26 27 62
2 5 73 79 87 15 16 85 23 88 59 28 63
3 69 40 92 55 49 18 51 53 86 87 57 90 91 60
4 64 65 67 6 40 30 45 77 79 51 53 88 58 85
5 32 64 99 38 47 12 34 14 15 21 86 90 79 29
6 65 34 71 39 76 80 83 85 88 36 90 29
7 64 98 54 33 73 75 76 45 48 51 22 41 93 94
8 99 36 71 28 75 76 45 97 54 58 91 92 93
9 97 66 38 40 41 47 80 50 19 52 21 54 57 91 30 53
10 80 66 35 72 11 13 45 77 16 87 88 25 26 30
11 67 68 72 41 74 75 12 14 59 49 84 22 57 27
12 34 37 14 80 19 84 94 22 23 90 26 30
13 96 15 63 42 14 47 48 81 85 23 88 89 95 31
14 98 37 38 17 75 79 16 81 91 27 59
15 33 70 72 75 76 47 80 82 23 88 59 93
16 40 41 42 82 61 51 20 85 73 89 95 29 31
17 64 96 98 35 72 60 93 48 50 78 55 89 28 61
18 96 80 35 71 77 48 81 53 57 56 25 62 31
19 32 65 98 67 36 38 74 50 52 55 25 68 31
20 64 67 70 74 42 84 21 86 24 25 26 61 85 63
21 35 71 75 76 46 53 54 25 57 27 60
22 64 66 35 79 48 43 29 99 87 28 61 62
23 32 35 68 83 84 54 56 52 59 92 30
24 38 83 45 93 80 82 51 88 84 26 61 62
25 96 67 40 76 79 58 60 29
26 64 34 91 69 43 62 57 59 92 30
27 32 33 73 42 76 63 84 41 31 28 95
28 54 70 71 46 48 49 83 84 88 52 58
29 64 38 39 72 61 78 47 58 93 63
30 96 37 39 77 47 88 86 56 54
31 64 65 59 68 47 42 79 85 60 93 62
32 66 67 68 42 75 45 78 59 84 86 56
33 48 35 69 70 43 76 78 80 81 83 49 90
34 44 77 69 94 54 55 56 93 62 95
35 96 66 99 42 79 82 47 63
36 97 44 76 66 48 81 52 54 55 61
37 66 68 42 46 98 93 74 53 56 89 92 61 52
38 96 44 82 50 52 46
39 65 70 71 75 79 82 53 57 58 60 74 62
40 65 98 69 41 75 76 83 54 90 91 62
41 97 43 78 49 87 92 94 95
42 80 47 63 95 46 77 51 87
43 74 44 79 81 83 85 73 89 60 94
44 65 71 74 98 48 50 97 53 86 55 89 60
45 96 66 67 69 77 79 82 58 61
46 69 71 78 93 49 84 86 61 63
47 77 60 78 82 94 92
48 75 78 77 50 58
49 98 68 60 91 83 59 94
50 80 66 98 73 87 57 59
51 96 65 98 68 72 73 52 54 92 62
52 67 54 79 81 89 57 58
53 67 75 99 56 68 58 91 94
54 81 77 60
55 97 69 64 76 99 68 58 60 93
56 96 64 99 85 57 89 90
57 66 78 58 94
58 97 71 74 76
59 96 66 75 83 78
60 72 85
61 72 80 82 87 84
62 73 74 79 81 94
63 69 70 78 93 82 87
64 70 81 72 88
65 98 71 77 85 83 90
66 97 72 89
67 97 87 90 91 92
68 97 83 87
69 96 73 84 87 91 94
70 72 73 75 77 81 86 91
71 98 76 88 93 94 95
72 78 80 94
73 97 99 82 90 95
74 76 77 82 89 93
75 86 89
76 98 99 83
77 82 84 94
78 99 91 92
79 89 90
80 98 92
81 99 88 93
82 85 86
83 96 84 94 95
84 97 92 95
85 89 90
86 87 90 92
87 97 94
88 98 95
89 90
90
91 96 99 92
92
93
94 96
95 96 99
96
97
98
99
