#build_topology.py 100 15 cluster_global 0.01
# GMT Sat Apr 27 18:51:52 2019
# 
0 64 32 98 6 38 7 12 66 47 50 52 15 94 31
1 2 3 68 72 11 77 78 17 18 99 52 86 91 30
2 34 99 4 76 45 78 79 49 50 54 56 88 95
3 34 99 16 10 44 78 80 21 54 90 92 58 95
4 35 69 7 40 42 39 12 46 79 51 21 22 88
5 96 97 99 37 39 36 14 45 81 67 52 89 27 60
6 96 59 37 72 44 43 12 49 84 54 88 27 92
7 65 69 33 60 15 81 53 86 89 27 30 37
8 65 66 67 69 42 23 13 78 79 84 55 92 93 63
9 68 69 39 42 87 47 56 17 55 88 25 31 29 95
10 97 36 33 65 40 11 77 82 85 90 60 61 94
11 64 37 70 72 62 93 21 24 57 60 29 30
12 68 69 39 72 41 76 16 17 19 20 89
13 96 66 73 42 45 93 81 53 72 59 92 61 30
14 97 67 69 70 71 79 17 84 53 57 90 91 94
15 68 34 36 54 71 45 48 82 84 86 52 37
16 97 34 33 44 79 21 41 88 27 61 62 31
17 64 98 73 46 80 52 89 27 53 63
18 83 38 76 78 47 80 49 51 52 54 23 27 62
19 32 66 73 75 83 53 22 87 24 23 91 28 30
20 32 96 98 35 36 39 72 75 46 80 23 25 60
21 66 69 72 41 76 77 47 43 85 25
22 35 36 71 40 76 26 55 58 91 93 94 31
23 48 34 38 72 75 80 82 30 56 62
24 96 97 83 38 43 44 48 26 90 28 61 30
25 32 96 68 97 74 43 79 54 87 88 57
26 65 98 67 74 43 99 84 87 58 59 28 63
27 68 70 74 39 81 56 58 38
28 34 36 71 43 47 48 82 54 60 90 62
29 96 64 36 38 40 74 48 50 57 92 94 31
30 36 37 40 42 76 80 63
31 66 37 38 43 98 52 85 91 93
32 83 99 37 38 39 47 81 82 53 93
33 96 65 66 67 37 71 75 78 49 35 70
34 40 80 43 76 48 85 90 59
35 39 41 43 73 48 82 85 55 58 53
36 54 94 48 85 87 92
37 73 42 76 91 74
38 54 99 52 86 57 59
39 74 80 81 83 92 95
40 66 72 75 46 83 89 58 59
41 98 70 75 50 82 83 85 86 55 90
42 64 74 44 46 45 51 92 61
43 98 70 72 79 94
44 72 78 49 99 57 90 95 61 63
45 97 69 70 79 50 52 53 56 61
46 67 68 77 47 51 87 84 92 95
47 71 74 75 54 91 93 94
48 67 73 50 83 86 95
49 64 68 71 74 51 86 55 89 90
50 97 70 73 75 93 85 89 63
51 64 65 98 71 80 83 53 55 63
52 99 75 82 85 59
53 96 70 79 86 87
54 64 76 57 93
55 64 66 72 74 76 80 87
56 97 67 68 71 78 88 58 59 62
57 99 71 77 81 83 87 91
58 68 63 77 84 91 60 95
59 64 84 73 74 89 95
60 96 65 68 81 89 93 95
61 98 78 81 89 92 62 95
62 66 99 72 77 79 89 94
63 96 65 68 81 82 79
64 67 77 74 87
65 96 98 70 97 80 92
66 71 82 90 95
67 97 73 88 84 94
68 75 77
69 99 70 73 88 94 85
70 84 88 90
71 75 78 93
72 77
73 75 76 86 87
74 91 82
75 85 94
76 79 80 81
77 98 80 82 87
78 79 87 88 92
79 85
80 90
81 97 82 89
82 89
83 96 89 92 93
84 96 91 94 95
85 86 91
86 87 88 90 91
87
88 98 93
89
90 95
91 99
92 98
93 97
94 97
95
96
97
98 99
99
