#build_topology.py 100 15 global 0.05
# GMT Fri Apr 26 05:40:37 2019
# 
0 79 51 69 38 49 41 10 45 77 17 19 20 53 23 59 30 37
1 48 66 3 5 97 43 78 79 80 19 21 22 91 30 85
2 64 34 4 5 7 40 74 75 77 93 79 80 17 57 28 42
3 4 69 70 40 9 13 77 72 84 86 73 58 31
4 65 36 38 71 8 41 39 44 47 52 54 25 57 91 31
5 97 34 66 37 54 10 12 16 50 83 53 86 27 28 69
6 35 68 71 76 77 13 16 49 82 83 53 56 25 91 92 30 63
7 8 74 43 44 29 52 85 22 55 57 26 90 94 63
8 96 69 43 45 48 56 19 85 54 24 57 27 92 29
9 96 64 37 31 17 50 35 21 84 91 63
10 97 36 70 39 75 48 37 54 56 95 61 30 69
11 83 68 37 71 72 13 16 17 18 82 87 25 91 93
12 33 98 38 47 74 14 15 88 86 56 25 27 31
13 64 66 68 71 76 49 50 85 55 88 58 93
14 96 66 22 38 98 15 17 20 53 54 24 89 58 29 62
15 32 34 27 63 75 44 81 50 55 90 31 58 95
16 64 98 28 74 76 47 81 20 84 58 92 93 69
17 98 91 43 45 82 78 86 27 30
18 97 35 33 38 39 73 59 51 22 89 71 27 93
19 97 35 44 77 79 22 89 63 92 93 62 31
20 42 75 76 78 53 55 24 26 92 29 95
21 33 65 71 23 80 81 50 41 86 55 54 93 63
22 97 98 35 70 74 75 79 53 92 95
23 83 42 46 79 51 53 54 87 88 25 58 59 28
24 83 40 75 77 48 51 52 27 60 63
25 64 68 98 77 46 48 51 52 53 89 61
26 96 32 98 68 46 47 48 85 56 59 62 31
27 39 73 45 46 56 49 37 94 63
28 98 66 69 71 72 42 44 49 83 87 74
29 96 36 38 73 43 45 78 49 87 88 84 31
30 64 91 36 70 79 51 52 87 57 59
31 97 38 65 44 48 56 91
32 65 98 35 47 83 61 48 67 89 56 57 91 60 93
33 34 49 70 39 72 44 79 40 87 89
34 64 66 43 35 41 75 99 90 47 61
35 96 69 71 77 85 95
36 97 67 86 65 39 83 52 54 89 92
37 65 67 71 40 73 45 46 80 43 90 94
38 97 69 76 45 86 90 95
39 72 52 78 84 89 90 92 94 63
40 64 65 99 68 70 71 43 49 56 60
41 96 69 76 44 78 62 87 57 93 94 95
42 96 99 68 71 73 44 79 80 82 91 95
43 97 77 79 83 54 55 92
44 75 76 77 84 73 88 59 62
45 67 73 78 81 51 54 56 95
46 99 68 79 48 82 51 86 57 89
47 65 99 70 75 77 61 50 53 55 58
48 97 72 52 85 56 74
49 74 76 83 87
50 99 70 72 62 85 87 56 60 61 94
51 64 99 74 55 67 88 61
52 74 87 76 78 55 88 89 59 62
53 64 98 76 88 90 91
54 96 68 76 58 60
55 96 69 70 71 90
56 67 78
57 82 85 59 60 74 94
58 98 69 84 85 89 59 60
59 84 99 65 80 82 92
60 64 66 99 67 80 83 84 92
61 76 79 81 82 89 87 90
62 96 99 73 74 89 86 84
63 65 66 91 88 71
64 70 87 94 89
65 77 81 83 88
66 99 68 75 78 79 88 93
67 73 78 81 82 68 93 88
68 70 72 82 94
69 98 82 87 91
70 73 72 88 95
71 78 83 84
72 83 97 81 99 86 92
73 81 94 88 95
74 80 86 91
75 98 80 81 84 91
76 81 80 87
77 97 84 85
78 96 82 84 92 94
79 80 94 91
80 98 93 90 95
81 82
82 97 90
83 90 92 94
84
85 96 97
86 96 98 93
87 90
88 96
89 91
90 99 92
91 95
92
93 98
94 99 95
95
96
97
98
99
