#build_topology.py 100 15 global 0.01
# GMT Sat Apr 27 08:04:59 2019
# 
0 34 38 40 41 44 13 79 18 83 84 22 23 88 31
1 98 34 6 12 42 44 77 49 18 84 54 89 92 30
2 97 34 75 4 65 92 11 15 80 51 52 53 20 28
3 96 32 35 36 7 8 64 55 16 9 21 87 92 93
4 66 99 82 7 74 76 34 46 81 18 19 59 62
5 99 71 74 55 77 14 47 17 20 87 56 52 90 63
6 27 86 71 63 74 51 54 57 24 25 91 93 31
7 32 98 67 42 75 12 14 18 51 55 36 95
8 64 33 98 68 70 80 43 16 67 52 54 25 36
9 33 37 38 72 10 43 44 77 80 83 21 56 61
10 42 65 67 74 77 79 50 58 22 90 59 60 61
11 32 33 68 40 41 74 43 81 57 25 90 94 63
12 65 33 39 76 15 80 24 57 58 60 93 63
13 64 66 46 15 24 83 84 94 88 28 93 30 53
14 35 36 73 43 79 48 50 51 84 85 23 57
15 64 34 68 42 75 81 50 86 26 63 31
16 32 69 70 44 45 86 23 57 58 91 61 62
17 32 96 98 68 45 46 29 25 23 57 90 60 61
18 64 41 78 47 40 51 53 89 58 59
19 33 37 38 71 41 74 77 50 52 85 73 27 92
20 32 33 34 71 73 55 46 52 87 27 29 94
21 66 99 86 39 77 34 81 94 22 41 28 62
22 66 68 39 34 79 50 90 84 58 91 26
23 97 34 69 74 44 98 79 51 63 95
24 33 98 43 36 37 75 45 49 82 53 94
25 65 39 76 45 83 86 56 72 94 31
26 64 51 70 39 43 77 78 47 83 84 56 61
27 32 36 69 40 73 42 43 87 91 93 37
28 97 67 33 39 61 48 83 55 89 60 93
29 96 97 35 71 45 79 80 87 57 63 92 95
30 96 99 36 37 60 43 44 82 54 56 92 95
31 38 72 73 76 45 46 82 41 91 70
32 39 45 50 84 85 89 58
33 97 99 36 70 75 55
34 69 71 74 54 92
35 65 78 46 48 50 83 52 88 95 94 53
36 98 42 80 49 86 58
37 66 69 39 75 82 56 90 91 94
38 65 98 70 40 41 75 46 47 54 55
39 50 53 55 56 62 95
40 66 59 69 49 50 85 87 57 63
41 99 68 72 45 57 59 62
42 97 71 44 45 82 55 56 89
43 64 96 98 67 74 47
44 99 70 77 45 80 51 90
45 96 75 59 94
46 81 72 60 78 48 57 92
47 67 70 71 74 78 81 85 91 90
48 66 71 72 92 60 99 78 87 88 63
49 96 66 68 97 73 52 54 56 57 92
50 64 97 82 86 62
51 97 99 71 79 81 60
52 68 69 73 77 67 86 59
53 67 77 79 82 85 55 62 63
54 64 70 76 78 83 58 93
55 71 74 75 89
56 64 98 88 63 74
57 87 62 95
58 65 78 83 91 62 95
59 65 66 71 77 88 60 62
60 76 81 86 87 74
61 98 70 72 75 76 87 90 95
62 78 81 88 92
63 99 75 94
64 97 78 72 93
65 97 66 76 79 82 88
66 95 86 85 69
67 69 76 80 86 93 95
68 96 70 71 73 88 84
69 97 73 74 76 89
70 73 77 88
71 84
72 84 85 73 88 91 94
73 96 85 91
74
75 78 79 81
76 86 89 90 91
77 98 97
78 96 82 83
79 80 83 87 91
80 82 83 87 89 95
81 94 99 89 85
82 89 90 92
83 92 84
84 96 85 91
85 99 88 93
86 98 90
87 99 88
88 97
89 96 93 94
90 96 93
91 93
92 95
93 94
94
95 98
96 99
97
98
99
