#build_topology.py 468 15 datacenter 0
# GMT Sun Apr 28 06:01:52 2019
# 
0 505 900 325 6 8 10 396 397 217 4 795 830
1 577 4 6 865 8 10 972 398 722 180
2 289 290 5 7 9 11 758
3 5 38 7 9 11 434 792
4 12 13
5 12 13
6 14 15
7 14 15
8 16 17
9 16 17
10 18 19
11 19 18
12 20 21
13 22 23
14 24 25
15 26 27
16 28 29
17 30 31
18 32 33
19 35 34
20
21
22
23
24
25
26
27
28
29
30
31
32
33
34
35
36 866 579 900 326 40 42 44 290 46 432 756
37 40 361 42 44 397 46 756 649 541
38 902 615 41 43 45 47 435 829 543
39 43 41 75 45 47 792
40 48 49
41 48 49
42 50 51
43 50 51
44 52 53
45 52 53
46 54 55
47 55 54
48 57 56
49 58 59
50 60 61
51 62 63
52 64 65
53 66 67
54 68 69
55 71 70
56
57
58
59
60
61
62
63
64
65
66
67
68
69
70
71
72 144 612 651 76 78 80 82 182 183 830
73 903 76 78 80 82 506
74 288 721 77 110 79 720 81 83 830 254 181
75 291 938 684 77 79 81 83 756
76 84 85
77 84 85
78 86 87
79 86 87
80 88 89
81 88 89
82 90 91
83 91 90
84 92 93
85 94 95
86 96 97
87 98 99
88 100 101
89 102 103
90 104 105
91 107 106
92
93
94
95
96
97
98
99
100
101
102
103
104
105
106
107
108 288 902 433 146 112 721 114 116 118 504 505 542
109 578 360 650 112 114 116 118 216 219
110 939 432 113 115 117 119
111 576 612 901 113 115 117 119 325
112 120 121
113 120 121
114 122 123
115 122 123
116 124 125
117 124 125
118 126 127
119 127 126
120 128 129
121 130 131
122 132 133
123 134 135
124 136 137
125 138 139
126 140 141
127 143 142
128
129
130
131
132
133
134
135
136
137
138
139
140
141
142
143
144 865 937 148 150 152 793 154 828
145 795 936 148 150 152 793 154 507 540 253
146 327 973 974 149 151 153 155 828
147 612 650 149 151 153 155 541 469
148 156 157
149 156 157
150 158 159
151 158 159
152 160 161
153 160 161
154 162 163
155 163 162
156 164 165
157 166 167
158 168 169
159 170 171
160 172 173
161 174 175
162 176 177
163 179 178
164
165
166
167
168
169
170
171
172
173
174
175
176
177
178
179
180 435 184 186 188 190
181 937 649 184 186 188 190
182 903 684 253 360 255 435 217 185 187 541 189 191
183 684 685 432 793 185 187 828 189 191
184 192 193
185 192 193
186 194 195
187 194 195
188 196 197
189 196 197
190 198 199
191 199 198
192 200 201
193 202 203
194 204 205
195 206 207
196 208 209
197 210 211
198 212 213
199 215 214
200
201
202
203
204
205
206
207
208
209
210
211
212
213
214
215
216 224 226 325 396 468 254 220 222
217 224 226 758 220 222
218 288 289 866 227 614 225 253 505 221 223
219 225 227 867 756 469 543 221 254 223
220 228 229
221 228 229
222 230 231
223 230 231
224 232 233
225 232 233
226 234 235
227 234 235
228 236 237
229 238 239
230 240 241
231 242 243
232 244 245
233 246 247
234 248 249
235 250 251
236
237
238
239
240
241
242
243
244
245
246
247
248
249
250
251
252 256 258 900 262 939 759 260
253 256 577 258 260 262 360
254 257 259 261 263 362 720 722 723 829 830
255 576 257 259 261 263 687
256 264 265
257 264 265
258 266 267
259 266 267
260 268 269
261 268 269
262 270 271
263 271 270
264 272 273
265 274 275
266 276 277
267 278 279
268 280 281
269 282 283
270 284 285
271 287 286
272
273
274
275
276
277
278
279
280
281
282
283
284
285
286
287
288 292 294 296 298 829 360 792 650
289 292 294 296 937 298 434 435 469
290 293 295 297 299
291 293 295 297 299 432 434 792 795
292 300 301
293 300 301
294 302 303
295 302 303
296 305 304
297 304 305
298 306 307
299 307 306
300 308 309
301 310 311
302 312 313
303 314 315
304 316 317
305 318 319
306 320 321
307 323 322
308
309
310
311
312
313
314
315
316
317
318
319
320
321
322
323
324 614 328 330 332 334 756
325 576 578 613 328 330 332 334 936 399
326 577 329 331 333 335 504
327 578 329 331 333 686 335 792 504 397 542
328 336 337
329 336 337
330 338 339
331 338 339
332 340 341
333 340 341
334 342 343
335 343 342
336 344 345
337 346 347
338 348 349
339 350 351
340 352 353
341 354 355
342 356 357
343 359 358
344
345
346
347
348
349
350
351
352
353
354
355
356
357
358
359
360 364 366 368 370 435 398 471 543
361 364 366 368 370 542
362 651 939 434 365 367 369 722 371 757 542 975
363 865 365 687 369 371 367
364 372 373
365 372 373
366 374 375
367 374 375
368 376 377
369 376 377
370 378 379
371 379 378
372 380 381
373 382 383
374 384 385
375 386 387
376 388 389
377 390 391
378 392 393
379 395 394
380
381
382
383
384
385
386
387
388
389
390
391
392
393
394
395
396 973 686 400 402 404 757 406 507
397 470 400 402 404 406 505 829
398 401 403 405 407
399 938 407 401 403 405 471 828
400 408 409
401 408 409
402 410 411
403 410 411
404 412 413
405 412 413
406 414 415
407 415 414
408 416 417
409 418 419
410 420 421
411 422 423
412 424 425
413 426 427
414 428 429
415 431 430
416
417
418
419
420
421
422
423
424
425
426
427
428
429
430
431
432 436 438 440 442
433 440 442 436 438
434 864 937 437 439 441 443
435 864 938 685 437 439 792 441 443
436 444 445
437 444 445
438 446 447
439 446 447
440 448 449
441 448 449
442 450 451
443 450 451
444 452 453
445 454 455
446 456 457
447 458 459
448 460 461
449 462 463
450 464 465
451 466 467
452
453
454
455
456
457
458
459
460
461
462
463
464
465
466
467
468 902 722 830 472 474 476 478
469 865 649 472 474 476 478
470 578 901 649 973 974 685 473 475 477 479
471 614 903 473 475 477 479
472 480 481
473 480 481
474 482 483
475 482 483
476 484 485
477 484 485
478 486 487
479 487 486
480 488 489
481 490 491
482 492 493
483 494 495
484 496 497
485 498 499
486 500 501
487 503 502
488
489
490
491
492
493
494
495
496
497
498
499
500
501
502
503
504 512 514 721 508 510 543
505 512 514 650 722 510 508 541 542
506 513 515 615 650 509 511
507 513 515 650 723 509 511
508 516 517
509 516 517
510 518 519
511 518 519
512 520 521
513 520 521
514 522 523
515 523 522
516 524 525
517 526 527
518 528 529
519 530 531
520 532 533
521 534 535
522 536 537
523 539 538
524
525
526
527
528
529
530
531
532
533
534
535
536
537
538
539
540 544 546 548 613 550
541 544 546 548 550 902 612
542 545 547 549 551
543 545 867 549 551 648 547 831
544 552 553
545 552 553
546 554 555
547 554 555
548 556 557
549 556 557
550 558 559
551 559 558
552 561 560
553 562 563
554 564 565
555 566 567
556 568 569
557 570 571
558 572 573
559 575 574
560
561
562
563
564
565
566
567
568
569
570
571
572
573
574
575
576 867 580 582 584 586 686 975 900
577 580 582 584 586 756
578 581 585 583 587 649
579 581 583 585 587 974 720 756
580 588 589
581 588 589
582 590 591
583 590 591
584 592 593
585 592 593
586 594 595
587 595 594
588 596 597
589 598 599
590 600 601
591 602 603
592 604 605
593 606 607
594 608 609
595 611 610
596
597
598
599
600
601
602
603
604
605
606
607
608
609
610
611
612 616 618 620 973 622 975 720 722
613 616 618 620 622 650
614 617 973 619 621 974 623 937 650
615 617 619 621 623
616 624 625
617 624 625
618 626 627
619 626 627
620 628 629
621 628 629
622 630 631
623 631 630
624 632 633
625 634 635
626 636 637
627 638 639
628 640 641
629 642 643
630 644 645
631 647 646
632
633
634
635
636
637
638
639
640
641
642
643
644
645
646
647
648 656 658 652 654
649 864 652 654 656 658
650 721 653 655 657 659
651 973 867 653 655 657 659
652 660 661
653 660 661
654 662 663
655 662 663
656 664 665
657 664 665
658 666 667
659 667 666
660 668 669
661 670 671
662 672 673
663 674 675
664 676 677
665 678 679
666 680 681
667 683 682
668
669
670
671
672
673
674
675
676
677
678
679
680
681
682
683
684 974 975 688 690 692 694 759
685 937 688 690 692 694 828
686 901 902 689 691 693 695
687 938 689 691 693 695 793
688 696 697
689 696 697
690 698 699
691 698 699
692 700 701
693 700 701
694 702 703
695 703 702
696 704 705
697 706 707
698 708 709
699 710 711
700 712 713
701 714 715
702 716 717
703 719 718
704
705
706
707
708
709
710
711
712
713
714
715
716
717
718
719
720 724 726 728 730
721 724 726 728 730
722 937 725 758 727 729 731 828
723 867 725 727 729 731
724 732 733
725 732 733
726 734 735
727 734 735
728 736 737
729 736 737
730 738 739
731 738 739
732 740 741
733 742 743
734 744 745
735 746 747
736 748 749
737 750 751
738 752 753
739 754 755
740
741
742
743
744
745
746
747
748
749
750
751
752
753
754
755
756 760 762 764 766
757 902 974 760 762 764 766
758 795 761 763 765 767
759 867 936 765 761 763 829 767
760 768 769
761 768 769
762 770 771
763 770 771
764 772 773
765 772 773
766 774 775
767 775 774
768 776 777
769 778 779
770 780 781
771 782 783
772 784 785
773 786 787
774 788 789
775 791 790
776
777
778
779
780
781
782
783
784
785
786
787
788
789
790
791
792 800 802 901 903 939 796 798
793 800 802 796 798
794 801 866 803 797 799
795 801 803 865 903 797 799
796 804 805
797 804 805
798 806 807
799 806 807
800 809 808
801 808 809
802 810 811
803 811 810
804 812 813
805 814 815
806 816 817
807 818 819
808 820 821
809 822 823
810 824 825
811 827 826
812
813
814
815
816
817
818
819
820
821
822
823
824
825
826
827
828 832 865 834 836 838
829 832 834 836 838 936
830 833 835 837 839
831 833 835 837 839 972
832 840 841
833 840 841
834 842 843
835 842 843
836 844 845
837 844 845
838 846 847
839 847 846
840 848 849
841 850 851
842 852 853
843 854 855
844 856 857
845 858 859
846 860 861
847 863 862
848
849
850
851
852
853
854
855
856
857
858
859
860
861
862
863
864 868 870 872 874
865 868 870 872 874
866 869 871 873 875
867 869 871 936 873 875 974
868 876 877
869 876 877
870 878 879
871 878 879
872 880 881
873 880 881
874 882 883
875 883 882
876 884 885
877 886 887
878 888 889
879 890 891
880 892 893
881 894 895
882 896 897
883 899 898
884
885
886
887
888
889
890
891
892
893
894
895
896
897
898
899
900 904 906 908 910
901 904 906 908 910
902 905 973 907 909 911
903 905 907 909 911
904 912 913
905 912 913
906 914 915
907 914 915
908 916 917
909 916 917
910 918 919
911 919 918
912 920 921
913 922 923
914 924 925
915 926 927
916 928 929
917 930 931
918 932 933
919 935 934
920
921
922
923
924
925
926
927
928
929
930
931
932
933
934
935
936 940 942 944 946
937 940 942 944 946
938 941 945 943 947
939 941 943 945 947
940 948 949
941 948 949
942 950 951
943 950 951
944 952 953
945 952 953
946 954 955
947 955 954
948 956 957
949 958 959
950 960 961
951 962 963
952 964 965
953 966 967
954 968 969
955 970 971
956
957
958
959
960
961
962
963
964
965
966
967
968
969
970
971
972 976 978 980 982
973 982 976 978 980
974 977 979 983 981
975 977 979 981 983
976 984 985
977 984 985
978 986 987
979 986 987
980 988 989
981 988 989
982 990 991
983 991 990
984 992 993
985 994 995
986 996 997
987 998 999
988 1000 1001
989 1002 1003
990 1004 1005
991 1007 1006
992
993
994
995
996
997
998
999
1000
1001
1002
1003
1004
1005
1006
1007
